PARTICLE DATA
-------------
DATA CARDS MUST START IMMEDIATELY AFTER $PRBEG CARD
READING STOPS WHEN CARD WITH ISA ID = 9999 IS FOUND
READING FORMAT: (2I8,2X,A8,F6.2,3F11.5,F14.5)
UNDEFINED MASSES OF HADRONS (I.E. LEFT BLANK) ARE SET EQUAL TO:
      SUM OF QUARK MASSES -.03 + .04*JSPIN
 
  ISA ID  PDG ID  LABEL   CHARGE       MASS      WIDTH      W-CUT   C*LIFET(MM)
 
$PRBEG
       1       2  U          .67     .30000     .00000     .00000        .00000
      -1      -2  UB        -.67     .30000     .00000     .00000        .00000
       2       1  D         -.33     .30000     .00000     .00000        .00000
      -2      -1  DB         .33     .30000     .00000     .00000        .00000
       3       3  S         -.33     .50000     .00000     .00000        .00000
      -3      -3  SB         .33     .50000     .00000     .00000        .00000
       4       4  C          .67    1.60000     .00000     .00000        .00000
      -4      -4  CB        -.67    1.60000     .00000     .00000        .00000
       5       5  B         -.33    4.75000     .00000     .00000        .00000
      -5      -5  BB         .33    4.75000     .00000     .00000        .00000
       6       6  T          .67   90.00000     .00000     .00000        .00000
      -6      -6  TB        -.67   90.00000     .00000     .00000        .00000
 
       9      21  GL         .00     .00000     .00000     .00000        .00000
 
      10      22  GM         .00     .00000     .00000     .00000        .00000
 
      11      12  NUE        .00     .00000     .00000     .00000        .00000
     -11     -12  ANUE       .00     .00000     .00000     .00000        .00000
      12      11  E-       -1.00     .00051     .00000     .00000        .00000
     -12     -11  E+        1.00     .00051     .00000     .00000        .00000
      13      14  NUM        .00     .00000     .00000     .00000        .00000
     -13     -14  ANUM       .00     .00000     .00000     .00000        .00000
      14      13  MU-      -1.00     .10570     .00000     .00000  658650.00000
     -14     -13  MU+       1.00     .10570     .00000     .00000  658650.00000
      15      16  NUT        .00     .00000     .00000     .00000        .00000
     -15     -16  ANUT       .00     .00000     .00000     .00000        .00000
      16      15  TAU-     -1.00    1.78410     .00000     .00000        .09100
     -16     -15  TAU+      1.00    1.78410     .00000     .00000        .09100
 
      20     310  KS         .00     .49770     .00000     .00000      26.75000
     -20     130  KL         .00     .49770     .00000     .00000   15540.00000
 
      80      24  W+        1.00   80.00000    2.30000   20.00000        .00000
     -80     -24  W-       -1.00   80.00000    2.30000   20.00000        .00000
      90      23  Z0         .00   91.20000    2.40000   20.00000        .00000
 
 
 
     110     111  PI0        .00     .13500     .00000     .00000        .00000
     120     211  PI+       1.00     .13960     .00000     .00000    7803.00000
    -120    -211  PI-      -1.00     .13960     .00000     .00000    7803.00000
     220     221  ETA        .00     .54880     .00000     .00000        .00000
     130     321  K+        1.00     .49360     .00000     .00000    3709.00000
    -130    -321  K-       -1.00     .49360     .00000     .00000    3709.00000
     230     311  K0         .00     .49770     .00000     .00000        .00000
    -230    -311  AK0        .00     .49770     .00000     .00000        .00000
     330     331  ETAP       .00     .95750     .00020     .00200        .00000
     140    -421  AD0        .00    1.86450     .00000     .00000        .12800
    -140     421  D0         .00    1.86450     .00000     .00000        .12800
     240    -411  D-       -1.00    1.86930     .00000     .00000        .32000
    -240     411  D+        1.00    1.86930     .00000     .00000        .32000
     340    -431  DS-      -1.00    1.96930     .00000     .00000        .13100
    -340     431  DS+       1.00    1.96930     .00000     .00000        .13100
     440     441  ETAC       .00    2.97960     .00100     .00500        .00000
     150     521  UB.       1.00    5.27760     .00000     .00000        .39300
    -150    -521  BU.      -1.00    5.27760     .00000     .00000        .39300
     250     511  DB.        .00    5.27940     .00000     .00000        .39300
    -250    -511  BD.        .00    5.27940     .00000     .00000        .39300
     350     531  SB.        .00    5.47972     .00000     .00000        .39300
    -350    -531  BS.        .00    5.47972     .00000     .00000        .39300
     450     541  CB.       1.00    6.47000     .00000     .00000        .00000
    -450    -541  BC.      -1.00    6.47000     .00000     .00000        .00000
     550     551  BB.        .00    9.40000     .00000     .00000        .00000
     160    -621  UT.        .00                .00000     .00000        .00000
    -160     621  TU.        .00                .00000     .00000        .00000
     260    -611  DT.      -1.00                .00000     .00000        .00000
    -260     611  TD.       1.00                .00000     .00000        .00000
     360    -631  ST.      -1.00                .00000     .00000        .00000
    -360     631  TS.       1.00                .00000     .00000        .00000
     460    -641  CT.        .00                .00000     .00000        .00000
    -460     641  TC.        .00                .00000     .00000        .00000
     560    -651  BT.      -1.00                .00000     .00000        .00000
    -560     651  TB.       1.00                .00000     .00000        .00000
     660     661  TT.        .00                .00000     .00000        .00000
 
     111     113  RHO0       .00     .77000     .15300     .40000        .00000
     121     213  RHO+      1.00     .76690     .14900     .40000        .00000
    -121    -213  RHO-     -1.00     .76690     .14900     .40000        .00000
     221     223  OMEG       .00     .78200     .00850     .10000        .00000
     131     323  K*+       1.00     .89210     .05130     .20000        .00000
    -131    -323  K*-      -1.00     .89210     .05130     .20000        .00000
     231     313  K*0        .00     .89620     .05050     .20000        .00000
    -231    -313  AK*0       .00     .89620     .05050     .20000        .00000
     331     333  PHI        .00    1.01940     .00440     .01500        .00000
     141    -423  AD*0       .00    2.00710     .00000     .00000        .00000
    -141     423  D*0        .00    2.00710     .00000     .00000        .00000
     241    -413  D*-      -1.00    2.01010     .00000     .00000        .00000
    -241     413  D*+       1.00    2.01010     .00000     .00000        .00000
     341    -433  DS*-     -1.00    2.11270     .00000     .00000        .00000
    -341     433  DS*+      1.00    2.11270     .00000     .00000        .00000
     441     443  JPSI       .00    3.09690     .00000     .00000        .00000
     151     523  UB*       1.00    5.33540     .00000     .00000        .00000
    -151    -523  BU*      -1.00    5.33540     .00000     .00000        .00000
     251     513  DB*        .00    5.33540     .00000     .00000        .00000
    -251    -513  BD*        .00    5.33540     .00000     .00000        .00000
     351     533  SB*        .00    5.50680     .00000     .00000        .00000
    -351    -533  BS*        .00    5.50680     .00000     .00000        .00000
     451     543  CB*       1.00    6.51000     .00000     .00000        .00000
    -451    -543  BC*      -1.00    6.51000     .00000     .00000        .00000
     551     553  UPSL       .00    9.46030     .00000     .00000        .00000
     161    -623  UT*        .00                .00000     .00000        .00000
    -161     623  TU*        .00                .00000     .00000        .00000
     261    -613  DT*      -1.00                .00000     .00000        .00000
    -261     613  TD*       1.00                .00000     .00000        .00000
     361    -633  ST*      -1.00                .00000     .00000        .00000
    -361     633  TS*       1.00                .00000     .00000        .00000
     461    -643  CT*        .00                .00000     .00000        .00000
    -461     643  TC*        .00                .00000     .00000        .00000
     561    -653  BT*      -1.00                .00000     .00000        .00000
    -561     653  TB*       1.00                .00000     .00000        .00000
     661     663  TT*        .00                .00000     .00000        .00000
 
 
    1120    2212  P         1.00     .93830     .00000     .00000        .00000
   -1120   -2212  AP       -1.00     .93830     .00000     .00000        .00000
    1220    2112  N          .00     .93960     .00000     .00000        .00000
   -1220   -2112  AN         .00     .93960     .00000     .00000        .00000
    1130    3222  S+        1.00    1.18940     .00000     .00000      24.00000
   -1130   -3222  AS-      -1.00    1.18940     .00000     .00000      24.00000
    1230    3212  S0         .00    1.19260     .00000     .00000        .00000
   -1230   -3212  AS0        .00    1.19260     .00000     .00000        .00000
    2130    3122  L          .00    1.11560     .00000     .00000      78.88000
   -2130   -3122  AL         .00    1.11560     .00000     .00000      78.88000
    2230    3112  S-       -1.00    1.19740     .00000     .00000      44.30000
   -2230   -3112  AS+       1.00    1.19740     .00000     .00000      44.30000
    1330    3322  XI0        .00    1.31490     .00000     .00000      86.90000
   -1330   -3322  AXI0       .00    1.31490     .00000     .00000      86.90000
    2330    3312  XI-      -1.00    1.32130     .00000     .00000      49.10000
   -2330   -3312  AXI+      1.00    1.32130     .00000     .00000      49.10000
    1140    4222  SC++      2.00    2.45220     .00000     .00000        .00000
   -1140   -4222  ASC--    -2.00    2.45220     .00000     .00000        .00000
    1240    4212  SC+       1.00    2.45290     .00000     .00000        .00000
   -1240   -4212  ASC-     -1.00    2.45290     .00000     .00000        .00000
    2140    4122  LC+       1.00    2.28490     .00000     .00000        .05400
   -2140   -4122  ALC-     -1.00    2.28490     .00000     .00000        .05400
    2240    4112  SC0        .00    2.45400     .00000     .00000        .00000
   -2240   -4112  ASC0       .00    2.45400     .00000     .00000        .00000
    1340    4322  USC.      1.00    2.55000     .00000     .00000        .00000
   -1340   -4322  AUSC.    -1.00    2.55000     .00000     .00000        .00000
    3140    4232  SUC.      1.00    2.46000     .00000     .00000        .13000
   -3140   -4232  ASUC.    -1.00    2.46000     .00000     .00000        .13000
    2340    4312  DSC.       .00    2.55000     .00000     .00000        .00000
   -2340   -4312  ADSC.      .00    2.55000     .00000     .00000        .00000
    3240    4132  SDC.       .00    2.46000     .00000     .00000        .13000
   -3240   -4132  ASDC.      .00    2.46000     .00000     .00000        .13000
    3340    4332  SSC.       .00    2.73000     .00000     .00000        .13000
   -3340   -4332  ASSC.      .00    2.73000     .00000     .00000        .13000
    1440    4422  UCC.      2.00    3.55000     .00000     .00000        .00000
   -1440   -4422  AUCC.    -2.00    3.55000     .00000     .00000        .00000
    2440    4412  DCC.      1.00    3.55000     .00000     .00000        .00000
   -2440   -4412  ADCC.    -1.00    3.55000     .00000     .00000        .00000
    3440    4432  SCC.      1.00    3.70000     .00000     .00000        .00000
   -3440   -4432  ASCC.    -1.00    3.70000     .00000     .00000        .00000
    1150    5222  UUB.      1.00    5.80000     .00000     .00000        .00000
   -1150   -5222  AUUB.    -1.00    5.80000     .00000     .00000        .00000
    1250    5212  UDB.       .00    5.80000     .00000     .00000        .00000
   -1250   -5212  AUDB.      .00    5.80000     .00000     .00000        .00000
    2150    5122  DUB.       .00    5.62000     .00000     .00000        .39300
   -2150   -5122  ADUB.      .00    5.62000     .00000     .00000        .39300
    2250    5112  DDB.     -1.00    5.80000     .00000     .00000        .00000
   -2250   -5112  ADDB.     1.00    5.80000     .00000     .00000        .00000
    1350    5322  USB.       .00    5.96000     .00000     .00000        .00000
   -1350   -5322  AUSB.      .00    5.96000     .00000     .00000        .00000
    3150    5232  SUB.       .00    5.84000     .00000     .00000        .39300
   -3150   -5232  ASUB.      .00    5.84000     .00000     .00000        .39300
    2350    5312  DSB.     -1.00    5.96000     .00000     .00000        .00000
   -2350   -5312  ADSB.     1.00    5.96000     .00000     .00000        .00000
    3250    5132  SDB.     -1.00    5.84000     .00000     .00000        .39300
   -3250   -5132  ASDB.     1.00    5.84000     .00000     .00000        .39300
    3350    5332  SSB.     -1.00    6.12000     .00000     .00000        .39300
   -3350   -5332  ASSB.     1.00    6.12000     .00000     .00000        .39300
    1450    5422  UCB.      1.00    6.77000     .00000     .00000        .00000
   -1450   -5422  AUCB.    -1.00    6.77000     .00000     .00000        .00000
    4150    5242  CUB.      1.00    6.77000     .00000     .00000        .00000
   -4150   -5242  ACUB.    -1.00    6.77000     .00000     .00000        .00000
    2450    5412  DCB.       .00    6.77000     .00000     .00000        .00000
   -2450   -5412  ADCB.      .00    6.77000     .00000     .00000        .00000
    4250    5142  CDB.       .00    6.77000     .00000     .00000        .00000
   -4250   -5142  ACDB.      .00    6.77000     .00000     .00000        .00000
    3450    5432  SCB.       .00    6.97000     .00000     .00000        .00000
   -3450   -5432  ASCB.      .00    6.97000     .00000     .00000        .00000
    4350    5342  CSB.       .00    6.97000     .00000     .00000        .00000
   -4350   -5342  ACSB.      .00    6.97000     .00000     .00000        .00000
    4450    5442  CCB.      1.00    8.07000     .00000     .00000        .00000
   -4450   -5442  ACCB.    -1.00    8.07000     .00000     .00000        .00000
    1550    5522  UBB.       .00   10.07000     .00000     .00000        .00000
   -1550   -5522  AUBB.      .00   10.07000     .00000     .00000        .00000
    2550    5512  DBB.     -1.00   10.07000     .00000     .00000        .00000
   -2550   -5512  ADBB.     1.00   10.07000     .00000     .00000        .00000
    3550    5532  SBB.     -1.00   10.27000     .00000     .00000        .00000
   -3550   -5532  ASBB.     1.00   10.27000     .00000     .00000        .00000
    4550    5542  CBB.       .00   11.37000     .00000     .00000        .00000
   -4550   -5542  ACBB.      .00   11.37000     .00000     .00000        .00000
    1160    6222  UTT.      2.00                .00000     .00000        .00000
   -1160   -6222  AUTT.    -2.00                .00000     .00000        .00000
    1260    6212  UDT.      1.00                .00000     .00000        .00000
   -1260   -6212  AUDT.    -1.00                .00000     .00000        .00000
    2160    6122  DUT.      1.00                .00000     .00000        .00000
   -2160   -6122  ADUT.    -1.00                .00000     .00000        .00000
    2260    6112  DDT.       .00                .00000     .00000        .00000
   -2260   -6112  ADDT.      .00                .00000     .00000        .00000
    1360    6322  UST.      1.00                .00000     .00000        .00000
   -1360   -6322  AUST.    -1.00                .00000     .00000        .00000
    3160    6232  SUT.      1.00                .00000     .00000        .00000
   -3160   -6232  ASUT.    -1.00                .00000     .00000        .00000
    2360    6312  DST.       .00                .00000     .00000        .00000
   -2360   -6312  ADST.      .00                .00000     .00000        .00000
    3260    6132  SDT.       .00                .00000     .00000        .00000
   -3260   -6132  ASDT.      .00                .00000     .00000        .00000
    3360    6332  SST.       .00                .00000     .00000        .00000
   -3360   -6332  ASST.      .00                .00000     .00000        .00000
    1460    6422  UCT.      2.00                .00000     .00000        .00000
   -1460   -6422  AUCT.    -2.00                .00000     .00000        .00000
    4160    6242  CUT.      2.00                .00000     .00000        .00000
   -4160   -6242  ACUT.    -2.00                .00000     .00000        .00000
    2460    6412  DCT.      1.00                .00000     .00000        .00000
   -2460   -6412  ADCT.    -1.00                .00000     .00000        .00000
    4260    6142  CDT.      1.00                .00000     .00000        .00000
   -4260   -6142  ACDT.    -1.00                .00000     .00000        .00000
    3460    6432  SCT.      1.00                .00000     .00000        .00000
   -3460   -6432  ASCT.    -1.00                .00000     .00000        .00000
    4360    6342  CST.      1.00                .00000     .00000        .00000
   -4360   -6342  ACST.    -1.00                .00000     .00000        .00000
    4460    6442  CCT.      2.00                .00000     .00000        .00000
   -4460   -6442  ACCT.    -2.00                .00000     .00000        .00000
    1560    6522  UBT.      1.00                .00000     .00000        .00000
   -1560   -6522  AUBT.    -1.00                .00000     .00000        .00000
    5160    6252  BUT.      1.00                .00000     .00000        .00000
   -5160   -6252  ABUT.    -1.00                .00000     .00000        .00000
    2560    6512  DBT.       .00                .00000     .00000        .00000
   -2560   -6512  ADBT.      .00                .00000     .00000        .00000
    5260    6152  BDT.       .00                .00000     .00000        .00000
   -5260   -6152  ABDT.      .00                .00000     .00000        .00000
    3560    6532  SBT.       .00                .00000     .00000        .00000
   -3560   -6532  ASBT.      .00                .00000     .00000        .00000
    5360    6352  BST.       .00                .00000     .00000        .00000
   -5360   -6352  ABST.      .00                .00000     .00000        .00000
    4560    6542  CBT.      1.00                .00000     .00000        .00000
   -4560   -6542  ACBT.    -1.00                .00000     .00000        .00000
    5460    6452  BCT.      1.00                .00000     .00000        .00000
   -5460   -6452  ABCT.    -1.00                .00000     .00000        .00000
    5560    6552  BBT.       .00                .00000     .00000        .00000
   -5560   -6552  ABBT.      .00                .00000     .00000        .00000
    1660    6622  UTT.      2.00                .00000     .00000        .00000
   -1660   -6622  AUTT.    -2.00                .00000     .00000        .00000
    2660    6612  DTT.      1.00                .00000     .00000        .00000
   -2660   -6612  ADTT.    -1.00                .00000     .00000        .00000
    3660    6632  STT.      1.00                .00000     .00000        .00000
   -3660   -6632  ASTT.    -1.00                .00000     .00000        .00000
    4660    6642  CTT.      2.00                .00000     .00000        .00000
   -4660   -6642  ACTT.    -2.00                .00000     .00000        .00000
    5660    6652  BTT.      1.00                .00000     .00000        .00000
   -5660   -6652  ABTT.    -1.00                .00000     .00000        .00000
 
    1111    2224  DL++      2.00    1.23100     .11500     .14000        .00000
   -1111   -2224  ADL--    -2.00    1.23100     .11500     .14000        .00000
    1121    2214  DL+       1.00    1.23200     .11500     .14000        .00000
   -1121   -2214  ADL-     -1.00    1.23200     .11500     .14000        .00000
    1221    2114  DL0        .00    1.23300     .11500     .14000        .00000
   -1221   -2114  ADL0       .00    1.23300     .11500     .14000        .00000
    2221    1114  DL-      -1.00    1.23400     .11500     .14000        .00000
   -2221   -1114  ADL+      1.00    1.23400     .11500     .14000        .00000
    1131    3224  S*+       1.00    1.38280     .03600     .03500        .00000
   -1131   -3224  AS*-     -1.00    1.38280     .03600     .03500        .00000
    1231    3214  S*0        .00    1.38370     .03600     .03500        .00000
   -1231   -3214  AS*0       .00    1.38370     .03600     .03500        .00000
    2231    3114  S*-      -1.00    1.38720     .03900     .04000        .00000
   -2231   -3114  AS*+      1.00    1.38720     .03900     .04000        .00000
    1331    3324  XI*0       .00    1.53180     .00910     .05000        .00000
   -1331   -3324  AXI*0      .00    1.53180     .00910     .05000        .00000
    2331    3314  XI*-     -1.00    1.53500     .00990     .05000        .00000
   -2331   -3314  AXI*+     1.00    1.53500     .00990     .05000        .00000
    3331    3334  OM-      -1.00    1.67240     .00000     .00000      24.60000
   -3331   -3334  AOM+      1.00    1.67240     .00000     .00000      24.60000
    1141    4224  UUC*      2.00    2.50000     .00000     .00000        .00000
   -1141   -4224  AUUC*    -2.00    2.50000     .00000     .00000        .00000
    1241    4214  UDC*      1.00    2.50000     .00000     .00000        .00000
   -1241   -4214  AUDC*    -1.00    2.50000     .00000     .00000        .00000
    2241    4114  DDC*       .00    2.50000     .00000     .00000        .00000
   -2241   -4114  ADDC*      .00    2.50000     .00000     .00000        .00000
    1341    4324  USC*      1.00    2.63000     .00000     .00000        .00000
   -1341   -4324  AUSC*    -1.00    2.63000     .00000     .00000        .00000
    2341    4314  DSC*       .00    2.63000     .00000     .00000        .00000
   -2341   -4314  ADSC*      .00    2.63000     .00000     .00000        .00000
    3341    4334  SSC*       .00    2.80000     .00000     .00000        .00000
   -3341   -4334  ASSC*      .00    2.80000     .00000     .00000        .00000
    1441    4424  UCC*      2.00    3.75000     .00000     .00000        .00000
   -1441   -4424  AUCC*    -2.00    3.75000     .00000     .00000        .00000
    2441    4414  DCC*      1.00    3.75000     .00000     .00000        .00000
   -2441   -4414  ADCC*    -1.00    3.75000     .00000     .00000        .00000
    3441    4434  SCC*      1.00    3.90000     .00000     .00000        .00000
   -3441   -4434  ASCC*    -1.00    3.90000     .00000     .00000        .00000
    4441    4444  CCC*      2.00    4.80000     .00000     .00000        .00000
   -4441   -4444  ACCC*    -2.00    4.80000     .00000     .00000        .00000
    1151    5224  UUB*      1.00    5.81000     .00000     .00000        .00000
   -1151   -5224  AUUB*    -1.00    5.81000     .00000     .00000        .00000
    1251    5214  UDB*       .00    5.81000     .00000     .00000        .00000
   -1251   -5214  AUDB*      .00    5.81000     .00000     .00000        .00000
    2251    5114  DDB*     -1.00    5.81000     .00000     .00000        .00000
   -2251   -5114  ADDB*     1.00    5.81000     .00000     .00000        .00000
    1351    5324  USB*       .00    5.97000     .00000     .00000        .00000
   -1351   -5324  AUSB*      .00    5.97000     .00000     .00000        .00000
    2351    5314  DSB*     -1.00    5.97000     .00000     .00000        .00000
   -2351   -5314  ADSB*     1.00    5.97000     .00000     .00000        .00000
    3351    5334  SSB*     -1.00    6.13000     .00000     .00000        .00000
   -3351   -5334  ASSB*     1.00    6.13000     .00000     .00000        .00000
    1451    5424  UCB*      1.00    6.81000     .00000     .00000        .00000
   -1451   -5424  AUCB*    -1.00    6.81000     .00000     .00000        .00000
    2451    5414  DCB*       .00    6.81000     .00000     .00000        .00000
   -2451   -5414  ADCB*      .00    6.81000     .00000     .00000        .00000
    3451    5434  SCB*       .00    7.01000     .00000     .00000        .00000
   -3451   -5434  ASCB*      .00    7.01000     .00000     .00000        .00000
    4451    5444  CCB*      1.00    8.11000     .00000     .00000        .00000
   -4451   -5444  ACCB*    -1.00    8.11000     .00000     .00000        .00000
    1551    5524  UBB*       .00   10.11000     .00000     .00000        .00000
   -1551   -5524  AUBB*      .00   10.11000     .00000     .00000        .00000
    2551    5514  DBB*     -1.00   10.11000     .00000     .00000        .00000
   -2551   -5514  ADBB*     1.00   10.11000     .00000     .00000        .00000
    3551    5534  SBB*     -1.00   10.31000     .00000     .00000        .00000
   -3551   -5534  ASBB*     1.00   10.31000     .00000     .00000        .00000
    4551    5544  CBB*       .00   11.41000     .00000     .00000        .00000
   -4551   -5544  ACBB*      .00   11.41000     .00000     .00000        .00000
    5551    5554  BBB*     -1.00   14.71000     .00000     .00000        .00000
   -5551   -5554  ABBB*     1.00   14.71000     .00000     .00000        .00000
    1161    6224  UTT*      2.00                .00000     .00000        .00000
   -1161   -6224  AUTT*    -2.00                .00000     .00000        .00000
    1261    6214  UDT*      1.00                .00000     .00000        .00000
   -1261   -6214  AUDT*    -1.00                .00000     .00000        .00000
    2261    6114  DDT*       .00                .00000     .00000        .00000
   -2261   -6114  ADDT*      .00                .00000     .00000        .00000
    1361    6324  UST*      1.00                .00000     .00000        .00000
   -1361   -6324  AUST*    -1.00                .00000     .00000        .00000
    2361    6314  DST*       .00                .00000     .00000        .00000
   -2361   -6314  ADST*      .00                .00000     .00000        .00000
    3361    6334  SST*       .00                .00000     .00000        .00000
   -3361   -6334  ASST*      .00                .00000     .00000        .00000
    1461    6424  UCT*      2.00                .00000     .00000        .00000
   -1461   -6424  AUCT*    -2.00                .00000     .00000        .00000
    2461    6414  DCT*      1.00                .00000     .00000        .00000
   -2461   -6414  ADCT*    -1.00                .00000     .00000        .00000
    3461    6434  SCT*      1.00                .00000     .00000        .00000
   -3461   -6434  ASCT*    -1.00                .00000     .00000        .00000
    4461    6444  CCT*      2.00                .00000     .00000        .00000
   -4461   -6444  ACCT*    -2.00                .00000     .00000        .00000
    1561    6524  UBT*      1.00                .00000     .00000        .00000
   -1561   -6524  AUBT*    -1.00                .00000     .00000        .00000
    2561    6514  DBT*       .00                .00000     .00000        .00000
   -2561   -6514  ADBT*      .00                .00000     .00000        .00000
    3561    6534  SBT*       .00                .00000     .00000        .00000
   -3561   -6534  ASBT*      .00                .00000     .00000        .00000
    4561    6544  CBT*      1.00                .00000     .00000        .00000
   -4561   -6544  ACBT*    -1.00                .00000     .00000        .00000
    5561    6554  BBT*       .00                .00000     .00000        .00000
   -5561   -6554  ABBT*      .00                .00000     .00000        .00000
    1661    6624  UTT*      2.00                .00000     .00000        .00000
   -1661   -6624  AUTT*    -2.00                .00000     .00000        .00000
    2661    6614  DTT*      1.00                .00000     .00000        .00000
   -2661   -6614  ADTT*    -1.00                .00000     .00000        .00000
    3661    6634  STT*      1.00                .00000     .00000        .00000
   -3661   -6634  ASTT*    -1.00                .00000     .00000        .00000
    4661    6644  CTT*      2.00                .00000     .00000        .00000
   -4661   -6644  CTT*     -2.00                .00000     .00000        .00000
    5661    6654  BTT*      1.00                .00000     .00000        .00000
   -5661   -6654  ABTT*    -1.00                .00000     .00000        .00000
    6661    6664  TTT*      2.00                .00000     .00000        .00000
   -6661   -6664  ATTT*    -2.00                .00000     .00000        .00000
 
    1200    2101  UD0.       .33                .00000     .00000        .00000
   -1200   -2101  AUD0.     -.33                .00000     .00000        .00000
    1300    3201  US0.       .33                .00000     .00000        .00000
   -1300   -3201  AUS0.     -.33                .00000     .00000        .00000
    2300    3101  DS0.      -.67                .00000     .00000        .00000
   -2300   -3101  ADS0.      .67                .00000     .00000        .00000
    1400    4201  UC0.      1.33                .00000     .00000        .00000
   -1400   -4201  AUC0.    -1.33                .00000     .00000        .00000
    2400    4101  DC0.       .33                .00000     .00000        .00000
   -2400   -4101  ADC0.     -.33                .00000     .00000        .00000
    3400    4301  SC0.       .33                .00000     .00000        .00000
   -3400   -4301  ASC0.     -.33                .00000     .00000        .00000
    1500    5201  UB0.       .33                .00000     .00000        .00000
   -1500   -5201  AUB0.     -.33                .00000     .00000        .00000
    2500    5101  DB0.      -.67                .00000     .00000        .00000
   -2500   -5101  ADB0.      .67                .00000     .00000        .00000
    3500    5301  SB0.      -.67                .00000     .00000        .00000
   -3500   -5301  ASB0.      .67                .00000     .00000        .00000
    4500    5401  CB0.       .33                .00000     .00000        .00000
   -4500   -5401  ACB0.     -.33                .00000     .00000        .00000
    1600    6201  UT0.      1.33                .00000     .00000        .00000
   -1600   -6201  AUT0.    -1.33                .00000     .00000        .00000
    2600    6101  DT0.       .33                .00000     .00000        .00000
   -2600   -6101  ADT0.     -.33                .00000     .00000        .00000
    3600    6301  ST0.       .33                .00000     .00000        .00000
   -3600   -6301  AST0.     -.33                .00000     .00000        .00000
    4600    6401  CT0.      1.33                .00000     .00000        .00000
   -4600   -6401  CT0.     -1.33                .00000     .00000        .00000
    5600    6501  BT0.       .33                .00000     .00000        .00000
   -5600   -6501  ABT0.     -.33                .00000     .00000        .00000
    1101    2203  UU1.      1.33                .00000     .00000        .00000
   -1101   -2203  AUU1.    -1.33                .00000     .00000        .00000
    1201    2103  UD1.       .33                .00000     .00000        .00000
   -1201   -2103  AUD1.     -.33                .00000     .00000        .00000
    2201    1103  DD1.      -.67                .00000     .00000        .00000
   -2201   -1103  ADD1.      .67                .00000     .00000        .00000
    1301    3203  US1.       .33                .00000     .00000        .00000
   -1301   -3203  AUS1.     -.33                .00000     .00000        .00000
    2301    3103  DS1.      -.67                .00000     .00000        .00000
   -2301   -3103  ADS1.      .67                .00000     .00000        .00000
    3301    3303  SS1.      -.67                .00000     .00000        .00000
   -3301   -3303  ASS1.      .67                .00000     .00000        .00000
    1401    4203  UC1.      1.33                .00000     .00000        .00000
   -1401   -4203  AUC1.    -1.33                .00000     .00000        .00000
    2401    4103  DC1.       .33                .00000     .00000        .00000
   -2401   -4103  ADC1.     -.33                .00000     .00000        .00000
    3401    4303  SC1.       .33                .00000     .00000        .00000
   -3401   -4303  ASC1.     -.33                .00000     .00000        .00000
    4401    4403  CC1.      1.33                .00000     .00000        .00000
   -4401   -4403  ACC1.    -1.33                .00000     .00000        .00000
    1501    5203  UB1.       .33                .00000     .00000        .00000
   -1501   -5203  AUB1.     -.33                .00000     .00000        .00000
    2501    5103  DB1.      -.67                .00000     .00000        .00000
   -2501   -5103  ADB1.      .67                .00000     .00000        .00000
    3501    5303  SB1.      -.67                .00000     .00000        .00000
   -3501   -5303  ASB1.      .67                .00000     .00000        .00000
    4501    5403  CB1.       .33                .00000     .00000        .00000
   -4501   -5403  ACB1.     -.33                .00000     .00000        .00000
    5501    5503  BB1.      -.67                .00000     .00000        .00000
   -5501   -5503  ABB1.      .67                .00000     .00000        .00000
    1601    6203  UT1.      1.33                .00000     .00000        .00000
   -1601   -6203  AUT1.    -1.33                .00000     .00000        .00000
    2601    6103  DT1.       .33                .00000     .00000        .00000
   -2601   -6103  ADT1.     -.33                .00000     .00000        .00000
    3601    6303  ST1.       .33                .00000     .00000        .00000
   -3601   -6303  AST1.     -.33                .00000     .00000        .00000
    4601    6403  CT1.      1.33                .00000     .00000        .00000
   -4601   -6403  CT1.     -1.33                .00000     .00000        .00000
    5601    6503  BT1.       .33                .00000     .00000        .00000
   -5601   -6503  ABT1.     -.33                .00000     .00000        .00000
    6601    6603  TT1.      1.33                .00000     .00000        .00000
   -6601   -6603  ATT1.    -1.33                .00000     .00000        .00000
    9999
 
 
+DECK,DECAY. Last rev. 7 SEP 1990
PARTICLE DECAYS
---------------
DATA CARDS MUST START IMMEDIATELY AFTER $DCBEG CARD
READING STOPS WHEN 1ST ENTRY IN CARD IS 0
LIST DIRECTED FORMAT
 
MOTHER  ME        BR      DECAY PRODUCTS  (ISAJET ID'S)
 
$DCBEG
     6,  1,   .11110,    11,   -12,     5,     0,     0/
     6,  1,   .11110,    13,   -14,     5,     0,     0/
     6,  1,   .11120,    15,   -16,     5,     0,     0/
     6,  1,   .33330,     1,    -2,     5,     0,     0/
     6,  1,   .33330,     4,    -3,     5,     0,     0/
    16,  1,   .17700,    12,   -11,    15,     0,     0/
    16,  1,   .17700,    14,   -13,    15,     0,     0/
    16,  4,   .10800,    15,  -120,     0,     0,     0/
    16,  4,   .22500,    15,  -121,     0,     0,     0/
    16,  4,   .00300,    15,  -120,   110,     0,     0/
    16,  4,   .06000,    15,  -121,   110,     0,     0/
    16,  4,   .02000,    15,  -120,   110,   110,     0/
    16,  4,   .02500,    15,  -121,   110,   110,     0/
    16,  4,   .01300,    15,  -120,   110,   110,   110/
    16,  4,   .00400,    15,  -120,    20,     0,     0/
    16,  4,   .00400,    15,  -120,   -20,     0,     0/
    16,  4,   .00700,    15,  -130,     0,     0,     0/
    16,  4,   .01400,    15,  -131,     0,     0,     0/
    16,  4,   .00200,    15,  -130,   110,     0,     0/
    16,  4,   .00200,    15,  -131,   110,     0,     0/
    16,  4,   .00100,    15,  -130,    20,     0,     0/
    16,  4,   .00100,    15,  -130,   -20,     0,     0/
    16,  4,   .05400,    15,  -120,   111,     0,     0/
    16,  4,   .01400,    15,  -120,   120,  -120,     0/
    16,  4,   .01600,    15,  -120,   221,     0,     0/
    16,  4,   .00500,    15,  -120,   220,     0,     0/
    16,  4,   .01200,    15,  -121,   111,     0,     0/
    16,  4,   .01200,    15,  -120,   111,   110,     0/
    16,  4,   .00600,    15,  -121,   120,  -120,     0/
    16,  4,   .00600,    15,  -120,   120,  -120,   110/
    16,  4,   .00600,    15,  -121,   221,     0,     0/
    16,  4,   .00600,    15,  -120,   221,   110,     0/
    16,  4,   .00600,    15,  -121,   220,     0,     0/
    16,  4,   .00200,    15,  -120,   220,   110,     0/
    16,  4,   .00100,    15,  -121,   111,   110,     0/
    16,  4,   .00100,    15,  -120,   111,   111,     0/
    16,  4,   .00200,    15,  -120,   220,   220,     0/
    16,  4,   .00200,    15,  -120,   111,   110,   110/
    16,  4,   .00200,    15,  -120,   121,  -121,     0/
    16,  4,   .00200,    15,  -120,   121,  -120,   110/
    16,  4,   .00200,    15,  -120,  -121,   120,   110/
    20,  0,   .68600,   120,  -120,     0,     0,     0/
    20,  0,   .31400,   110,   110,     0,     0,     0/
   -20,  0,   .21700,   110,   110,   110,     0,     0/
   -20,  0,   .12400,  -120,   120,   110,     0,     0/
   -20,  1,   .19300,   -12,    11,  -120,     0,     0/
   -20,  1,   .19300,    12,   -11,   120,     0,     0/
   -20,  1,   .13500,   -14,    13,  -120,     0,     0/
   -20,  1,   .13500,    14,   -13,   120,     0,     0/
   -20,  0,   .00200,  -120,   120,     0,     0,     0/
   -20,  0,   .00100,   110,   110,     0,     0,     0/
    80,  0,   .00000,    11,   -12,     0,     0,     0/
    80,  0,   .00000,    13,   -14,     0,     0,     0/
    80,  0,   .00000,    15,   -16,     0,     0,     0/
    80,  0,   .00000,     1,    -2,     0,     0,     0/
    80,  0,   .00000,     1,    -3,     0,     0,     0/
    80,  0,   .00000,     4,    -2,     0,     0,     0/
    80,  0,   .00000,     4,    -3,     0,     0,     0/
    80,  0,   .00000,     6,    -5,     0,     0,     0/
    90,  0,   .00000,    12,   -12,     0,     0,     0/
    90,  0,   .00000,    14,   -14,     0,     0,     0/
    90,  0,   .00000,    16,   -16,     0,     0,     0/
    90,  0,   .00000,    11,   -11,     0,     0,     0/
    90,  0,   .00000,    13,   -13,     0,     0,     0/
    90,  0,   .00000,    15,   -15,     0,     0,     0/
    90,  0,   .00000,     1,    -1,     0,     0,     0/
    90,  0,   .00000,     2,    -2,     0,     0,     0/
    90,  0,   .00000,     3,    -3,     0,     0,     0/
    90,  0,   .00000,     4,    -4,     0,     0,     0/
    90,  0,   .00000,     5,    -5,     0,     0,     0/
    90,  0,   .00000,     6,    -6,     0,     0,     0/
   110,  0,   .98800,    10,    10,     0,     0,     0/
   110,  3,   .01200,    10,    12,   -12,     0,     0/
   120,  0,  1.00000,   -14,    13,     0,     0,     0/
   220,  0,   .38900,    10,    10,     0,     0,     0/
   220,  0,   .31900,   110,   110,   110,     0,     0/
   220,  0,   .23700,   120,  -120,   110,     0,     0/
   220,  0,   .04900,    10,   120,  -120,     0,     0/
   220,  3,   .00500,    10,    12,   -12,     0,     0/
   220,  0,   .00100,   120,  -120,    12,   -12,     0/
   130,  0,   .63500,   -14,    13,     0,     0,     0/
   130,  0,   .21200,   120,   110,     0,     0,     0/
   130,  0,   .05600,   120,   120,  -120,     0,     0/
   130,  0,   .01700,   120,   110,   110,     0,     0/
   130,  0,   .04800,    11,   -12,   110,     0,     0/
   130,  0,   .03200,    13,   -14,   110,     0,     0/
   230,  0,   .50000,   -20,     0,     0,     0,     0/
   230,  0,   .50000,    20,     0,     0,     0,     0/
   330,  0,   .44100,   120,  -120,   220,     0,     0/
   330,  0,   .20500,   110,   110,   220,     0,     0/
   330,  0,   .30100,    10,   111,     0,     0,     0/
   330,  0,   .03000,    10,   221,     0,     0,     0/
   330,  0,   .02200,    10,    10,     0,     0,     0/
   330,  0,   .00100,   110,   110,   110,     0,     0/
   140,  1,   .01500,   -11,    12,   130,     0,     0/
   140,  1,   .02000,   -11,    12,   131,     0,     0/
   140,  1,   .01000,   -11,    12,   230,   120,     0/
   140,  1,   .01000,   -11,    12,   130,   110,     0/
   140,  1,   .00400,   -11,    12,   230,   120,   110/
   140,  1,   .00400,   -11,    12,   130,  -120,   120/
   140,  1,   .00400,   -11,    12,   130,   110,   110/
   140,  1,   .00200,   -11,    12,   120,     0,     0/
   140,  1,   .00200,   -11,    12,   121,     0,     0/
   140,  1,   .00200,   -11,    12,   120,   110,     0/
   140,  1,   .00200,   -11,    12,   120,   110,   110/
   140,  1,   .00200,   -11,    12,  -120,   120,   120/
   140,  1,   .01500,   -13,    14,   130,     0,     0/
   140,  1,   .02000,   -13,    14,   131,     0,     0/
   140,  1,   .01000,   -13,    14,   230,   120,     0/
   140,  1,   .01000,   -13,    14,   130,   110,     0/
   140,  1,   .00400,   -13,    14,   230,   120,   110/
   140,  1,   .00400,   -13,    14,   130,  -120,   120/
   140,  1,   .00400,   -13,    14,   130,   110,   110/
   140,  1,   .00200,   -13,    14,   120,     0,     0/
   140,  1,   .00200,   -13,    14,   121,     0,     0/
   140,  1,   .00200,   -13,    14,   120,   110,     0/
   140,  1,   .00200,   -13,    14,   120,   110,   110/
   140,  1,   .00200,   -13,    14,  -120,   120,   120/
   140,  0,   .03800,   130,  -120,     0,     0,     0/
   140,  0,   .04800,   131,  -120,     0,     0,     0/
   140,  0,   .08200,   130,  -121,     0,     0,     0/
   140,  0,   .06000,   131,  -121,     0,     0,     0/
   140,  0,   .02800,   230,   110,     0,     0,     0/
   140,  0,   .02100,   231,   110,     0,     0,     0/
   140,  0,   .00500,   230,   220,     0,     0,     0/
   140,  0,   .00500,   231,   220,     0,     0,     0/
   140,  0,   .00200,   230,   330,     0,     0,     0/
   140,  0,   .00200,   231,   330,     0,     0,     0/
   140,  0,   .00500,   230,   111,     0,     0,     0/
   140,  0,   .01800,   231,   111,     0,     0,     0/
   140,  0,   .00500,   230,   221,     0,     0,     0/
   140,  0,   .01000,   231,   221,     0,     0,     0/
   140,  0,   .00800,   230,   331,     0,     0,     0/
   140,  0,   .00500,   130,  -130,     0,     0,     0/
   140,  0,   .00400,   131,  -130,     0,     0,     0/
   140,  0,   .00400,   130,  -131,     0,     0,     0/
   140,  0,   .00400,   131,  -131,     0,     0,     0/
   140,  0,   .00100,  -120,   120,     0,     0,     0/
   140,  0,   .00300,  -121,   120,     0,     0,     0/
   140,  0,   .00300,  -120,   121,     0,     0,     0/
   140,  0,   .00300,  -121,   121,     0,     0,     0/
   140,  0,   .00100,   110,   110,     0,     0,     0/
   140,  0,   .00200,   220,   110,     0,     0,     0/
   140,  0,   .00200,   330,   110,     0,     0,     0/
   140,  0,   .00300,   111,   110,     0,     0,     0/
   140,  0,   .00200,   221,   110,     0,     0,     0/
   140,  0,   .00200,   331,   110,     0,     0,     0/
   140,  0,   .00100,   220,   220,     0,     0,     0/
   140,  0,   .00100,   330,   220,     0,     0,     0/
   140,  0,   .00200,   111,   220,     0,     0,     0/
   140,  0,   .00100,   221,   220,     0,     0,     0/
   140,  0,   .00200,   111,   330,     0,     0,     0/
   140,  0,   .00100,   221,   330,     0,     0,     0/
   140,  0,   .00500,   111,   111,     0,     0,     0/
   140,  0,   .00300,   221,   111,     0,     0,     0/
   140,  0,   .00300,   331,   111,     0,     0,     0/
   140,  0,   .00300,   221,   221,     0,     0,     0/
   140,  0,   .00300,   331,   221,     0,     0,     0/
   140,  0,   .00100,  -130,   120,     0,     0,     0/
   140,  0,   .00200,  -131,   120,     0,     0,     0/
   140,  0,   .00200,  -130,   121,     0,     0,     0/
   140,  0,   .00300,  -131,   121,     0,     0,     0/
   140,  0,   .00100,  -230,   111,     0,     0,     0/
   140,  0,   .00100,  -231,   110,     0,     0,     0/
   140,  0,   .03200,   130,  -120,   110,     0,     0/
   140,  0,   .03000,   131,  -120,   110,     0,     0/
   140,  0,   .05800,   130,  -121,   110,     0,     0/
   140,  0,   .05500,   130,  -120,   111,     0,     0/
   140,  0,   .00300,   130,  -120,   220,     0,     0/
   140,  0,   .00300,   131,  -120,   220,     0,     0/
   140,  0,   .00300,   130,  -120,   330,     0,     0/
   140,  0,   .01000,   130,  -120,   221,     0,     0/
   140,  0,   .01000,   131,  -120,   221,     0,     0/
   140,  0,   .01100,   130,  -130,   230,     0,     0/
   140,  0,   .01900,   230,  -120,   120,     0,     0/
   140,  0,   .00500,   231,  -120,   120,     0,     0/
   140,  0,   .00500,   230,  -121,   120,     0,     0/
   140,  0,   .00500,   230,  -120,   121,     0,     0/
   140,  0,   .00500,   230,   110,   110,     0,     0/
   140,  0,   .01500,   231,   110,   110,     0,     0/
   140,  0,   .00500,   230,   111,   110,     0,     0/
   140,  0,   .00500,   230,   221,   110,     0,     0/
   140,  0,   .00500,   231,   221,   110,     0,     0/
   140,  0,   .00200,   130,  -130,   110,     0,     0/
   140,  0,   .00200,   131,  -130,   110,     0,     0/
   140,  0,   .00200,   130,  -131,   110,     0,     0/
   140,  0,   .00200,   130,  -130,   111,     0,     0/
   140,  0,   .00200,   130,  -230,  -120,     0,     0/
   140,  0,   .00200,   131,  -230,  -120,     0,     0/
   140,  0,   .00200,   130,  -231,  -120,     0,     0/
   140,  0,   .00200,   130,  -230,  -121,     0,     0/
   140,  0,   .00100,   230,  -230,   110,     0,     0/
   140,  0,   .00100,   331,   110,   110,     0,     0/
   140,  0,   .00100,   331,  -120,   120,     0,     0/
   140,  0,   .00200,  -120,   120,   110,     0,     0/
   140,  0,   .00100,  -121,   120,   110,     0,     0/
   140,  0,   .00100,  -120,   121,   110,     0,     0/
   140,  0,   .00300,  -120,   120,   111,     0,     0/
   140,  0,   .00100,  -121,   121,   110,     0,     0/
   140,  0,   .00100,  -121,   120,   111,     0,     0/
   140,  0,   .00100,  -120,   121,   111,     0,     0/
   140,  0,   .00100,  -120,   120,   220,     0,     0/
   140,  0,   .00100,  -120,   120,   330,     0,     0/
   140,  0,   .00100,  -120,   120,   221,     0,     0/
   140,  0,   .00100,   110,   110,   110,     0,     0/
   140,  0,   .00100,   110,   110,   220,     0,     0/
   140,  0,   .00100,   110,   110,   330,     0,     0/
   140,  0,   .00100,   110,   110,   111,     0,     0/
   140,  0,   .00100,   110,   110,   221,     0,     0/
   140,  0,   .00100,   110,   111,   111,     0,     0/
   140,  0,   .00100,   110,   111,   221,     0,     0/
   140,  0,   .00100,   110,   221,   221,     0,     0/
   140,  0,   .00100,   110,   111,   220,     0,     0/
   140,  0,   .00100,   110,   221,   220,     0,     0/
   140,  0,   .01900,   130,  -120,   110,   110,     0/
   140,  0,   .00300,   131,  -120,   110,   110,     0/
   140,  0,   .00300,   130,  -121,   110,   110,     0/
   140,  0,   .00200,   130,  -120,   220,   110,     0/
   140,  0,   .00500,   130,  -120,   111,   110,     0/
   140,  0,   .00400,   130,  -120,   221,   110,     0/
   140,  0,   .00800,   130,  -120,  -120,   120,     0/
   140,  0,   .00300,   131,  -120,  -120,   120,     0/
   140,  0,   .00600,   130,  -121,  -120,   120,     0/
   140,  0,   .00300,   130,  -120,  -120,   121,     0/
   140,  0,   .01000,   230,  -120,   120,   110,     0/
   140,  0,   .00200,   231,  -120,   120,   110,     0/
   140,  0,   .00200,   230,  -121,   120,   110,     0/
   140,  0,   .00200,   230,  -120,   121,   110,     0/
   140,  0,   .00200,   230,  -120,   120,   111,     0/
   140,  0,   .00200,   230,   110,   110,   110,     0/
   140,  0,   .00100,   231,   110,   110,   110,     0/
   140,  0,   .00100,   230,   220,   110,   110,     0/
   140,  0,   .00200,   230,   111,   110,   110,     0/
   140,  0,   .00200,   230,   221,   110,   110,     0/
   140,  0,   .00100,   230,  -130,   130,   110,     0/
   140,  0,   .00100,   130,  -130,  -120,   120,     0/
   140,  0,   .00100,   131,  -130,  -120,   120,     0/
   140,  0,   .00100,   130,  -131,  -120,   120,     0/
   140,  0,   .00100,   130,  -130,   110,   110,     0/
   140,  0,   .00100,   131,  -130,   110,   110,     0/
   140,  0,   .00100,   130,  -131,   110,   110,     0/
   140,  0,   .00100,   231,  -230,  -120,   120,     0/
   140,  0,   .00100,   230,  -231,  -120,   120,     0/
   140,  0,   .00100,   231,  -230,   110,   110,     0/
   140,  0,   .00100,   230,  -231,   110,   110,     0/
   140,  0,   .00200,  -120,  -120,   120,   120,     0/
   140,  0,   .00100,  -121,  -120,   120,   120,     0/
   140,  0,   .00100,  -120,  -120,   121,   120,     0/
   140,  0,   .00100,  -120,   120,   110,   110,     0/
   140,  0,   .00100,  -121,   120,   110,   110,     0/
   140,  0,   .00100,  -120,   121,   110,   110,     0/
   140,  0,   .00100,  -120,   120,   220,   110,     0/
   140,  0,   .00100,  -120,   120,   111,   110,     0/
   140,  0,   .00100,  -120,   120,   221,   110,     0/
   140,  0,   .00100,   110,   110,   110,   110,     0/
   140,  0,   .00100,   220,   110,   110,   110,     0/
   140,  0,   .00100,   111,   110,   110,   110,     0/
   140,  0,   .00100,   221,   110,   110,   110,     0/
   140,  0,   .00100,   111,   111,   110,   110,     0/
   140,  0,   .00100,   221,   111,   110,   110,     0/
   240,  1,   .03500,   -11,    12,   230,     0,     0/
   240,  1,   .03000,   -11,    12,   231,     0,     0/
   240,  1,   .01500,   -11,    12,   230,   110,     0/
   240,  1,   .01500,   -11,    12,   130,  -120,     0/
   240,  1,   .04400,   -11,    12,   130,  -120,   110/
   240,  1,   .02200,   -11,    12,   230,  -120,   120/
   240,  1,   .02200,   -11,    12,   230,   110,   110/
   240,  1,   .00100,   -11,    12,   110,     0,     0/
   240,  1,   .00100,   -11,    12,   220,     0,     0/
   240,  1,   .00100,   -11,    12,   330,     0,     0/
   240,  1,   .00100,   -11,    12,   111,     0,     0/
   240,  1,   .00100,   -11,    12,   221,     0,     0/
   240,  1,   .00100,   -11,    12,  -120,   120,     0/
   240,  1,   .00100,   -11,    12,   110,   110,     0/
   240,  1,   .00100,   -11,    12,  -120,   120,   110/
   240,  1,   .00100,   -11,    12,   110,   110,   110/
   240,  1,   .03500,   -13,    14,   230,     0,     0/
   240,  1,   .03000,   -13,    14,   231,     0,     0/
   240,  1,   .01500,   -13,    14,   230,   110,     0/
   240,  1,   .01500,   -13,    14,   130,  -120,     0/
   240,  1,   .04400,   -13,    14,   130,  -120,   110/
   240,  1,   .02200,   -13,    14,   230,  -120,   120/
   240,  1,   .02200,   -13,    14,   230,   110,   110/
   240,  1,   .00100,   -13,    14,   110,     0,     0/
   240,  1,   .00100,   -13,    14,   220,     0,     0/
   240,  1,   .00100,   -13,    14,   330,     0,     0/
   240,  1,   .00100,   -13,    14,   111,     0,     0/
   240,  1,   .00100,   -13,    14,   221,     0,     0/
   240,  1,   .00100,   -13,    14,  -120,   120,     0/
   240,  1,   .00100,   -13,    14,   110,   110,     0/
   240,  1,   .00100,   -13,    14,  -120,   120,   110/
   240,  1,   .00100,   -13,    14,   110,   110,   110/
   240,  0,   .02800,   230,  -120,     0,     0,     0/
   240,  0,   .01700,   231,  -120,     0,     0,     0/
   240,  0,   .06600,   230,  -121,     0,     0,     0/
   240,  0,   .02000,   231,  -121,     0,     0,     0/
   240,  0,   .00800,   230,  -130,     0,     0,     0/
   240,  0,   .00600,   231,  -130,     0,     0,     0/
   240,  0,   .00600,   230,  -131,     0,     0,     0/
   240,  0,   .00300,   231,  -131,     0,     0,     0/
   240,  0,   .00100,   110,  -120,     0,     0,     0/
   240,  0,   .00200,   110,  -121,     0,     0,     0/
   240,  0,   .00200,   220,  -120,     0,     0,     0/
   240,  0,   .00300,   220,  -121,     0,     0,     0/
   240,  0,   .00100,   330,  -120,     0,     0,     0/
   240,  0,   .00200,   330,  -121,     0,     0,     0/
   240,  0,   .00200,   111,  -120,     0,     0,     0/
   240,  0,   .00500,   111,  -121,     0,     0,     0/
   240,  0,   .00200,   221,  -120,     0,     0,     0/
   240,  0,   .00500,   221,  -121,     0,     0,     0/
   240,  0,   .00600,   331,  -120,     0,     0,     0/
   240,  0,   .00400,   331,  -121,     0,     0,     0/
   240,  0,   .01200,   230,  -120,   110,     0,     0/
   240,  0,   .00500,   231,  -120,   110,     0,     0/
   240,  0,   .00500,   230,  -121,   110,     0,     0/
   240,  0,   .00800,   230,  -120,   220,     0,     0/
   240,  0,   .00500,   231,  -120,   220,     0,     0/
   240,  0,   .00500,   230,  -120,   330,     0,     0/
   240,  0,   .03700,   230,  -120,   111,     0,     0/
   240,  0,   .00400,   230,  -120,   221,     0,     0/
   240,  0,   .07800,   130,  -120,  -120,     0,     0/
   240,  0,   .01000,   131,  -120,  -120,     0,     0/
   240,  0,   .01000,   130,  -121,  -120,     0,     0/
   240,  0,   .00100,  -120,  -120,   120,     0,     0/
   240,  0,   .00100,  -120,   110,   110,     0,     0/
   240,  0,   .00200,  -121,  -120,   120,     0,     0/
   240,  0,   .00200,  -121,   110,   110,     0,     0/
   240,  0,   .00200,   121,  -120,  -120,     0,     0/
   240,  0,   .00300,   111,  -120,   110,     0,     0/
   240,  0,   .00200,  -121,   121,  -120,     0,     0/
   240,  0,   .00200,  -121,  -121,   120,     0,     0/
   240,  0,   .00200,  -121,   111,   110,     0,     0/
   240,  0,   .00200,  -120,   111,   111,     0,     0/
   240,  0,   .00200,  -120,   221,   110,     0,     0/
   240,  0,   .00200,  -120,   111,   221,     0,     0/
   240,  0,   .00200,  -121,   111,   110,     0,     0/
   240,  0,   .00200,  -121,   220,   110,     0,     0/
   240,  0,   .00500,   230,  -130,   230,     0,     0/
   240,  0,   .00400,   230,  -230,  -120,     0,     0/
   240,  0,   .00400,   231,  -230,  -120,     0,     0/
   240,  0,   .00400,   130,  -130,  -120,     0,     0/
   240,  0,   .00400,   230,  -231,  -120,     0,     0/
   240,  0,   .01500,   230,  -120,   110,   110,     0/
   240,  0,   .00500,   231,  -120,   110,   110,     0/
   240,  0,   .02700,   230,  -120,  -120,   120,     0/
   240,  0,   .00500,   231,  -120,  -120,   120,     0/
   240,  0,   .00500,   230,  -121,   110,   110,     0/
   240,  0,   .00700,   230,   111,  -120,   110,     0/
   240,  0,   .01400,   230,  -121,  -120,   120,     0/
   240,  0,   .00700,   230,   121,  -120,  -120,     0/
   240,  0,   .02000,   130,  -120,  -120,   110,     0/
   240,  0,   .00800,   131,  -120,  -120,   110,     0/
   240,  0,   .01200,   130,  -121,  -120,   110,     0/
   240,  0,   .01500,   130,   111,  -120,  -120,     0/
   240,  0,   .00200,  -120,   110,   110,   110,     0/
   240,  0,   .00200,  -120,   220,   110,   110,     0/
   240,  0,   .00200,  -120,   330,   110,   110,     0/
   240,  0,   .00200,  -121,   110,   110,   110,     0/
   240,  0,   .00200,  -120,   111,   110,   110,     0/
   240,  0,   .00200,  -120,   221,   110,   110,     0/
   240,  0,   .00200,  -121,   111,   110,   110,     0/
   240,  0,   .00200,  -120,   111,   111,   110,     0/
   240,  0,   .00200,  -120,   111,   220,   110,     0/
   240,  0,   .00200,  -120,   111,   221,   110,     0/
   240,  0,   .00200,  -120,   221,   221,   110,     0/
   240,  0,   .00400,  -120,  -120,   120,   110,     0/
   240,  0,   .00400,  -121,  -120,   120,   110,     0/
   240,  0,   .00400,  -120,  -120,   121,   110,     0/
   240,  0,   .00200,  -120,  -120,   120,   220,     0/
   240,  0,   .00400,  -120,  -120,   120,   111,     0/
   240,  0,   .00200,  -120,  -120,   120,   221,     0/
   240,  0,   .00200,  -121,  -121,   120,   110,     0/
   240,  0,   .00200,  -121,  -120,   121,   110,     0/
   240,  0,   .00200,  -121,  -120,   120,   111,     0/
   240,  0,   .00200,  -120,  -120,   121,   111,     0/
   240,  0,   .00200,  -121,  -120,   120,   221,     0/
   240,  0,   .00400,  -130,   130,  -120,   110,     0/
   240,  0,   .00400,  -230,   230,  -120,   110,     0/
   340,  1,   .01500,   -11,    12,   220,     0,     0/
   340,  1,   .01500,   -11,    12,   330,     0,     0/
   340,  1,   .01700,   -11,    12,   331,     0,     0/
   340,  1,   .01500,   -11,    12,  -130,   130,     0/
   340,  1,   .01500,   -11,    12,  -230,   230,     0/
   340,  1,   .01500,   -13,    14,   220,     0,     0/
   340,  1,   .01500,   -13,    14,   330,     0,     0/
   340,  1,   .01700,   -13,    14,   331,     0,     0/
   340,  1,   .01500,   -13,    14,  -130,   130,     0/
   340,  1,   .01500,   -13,    14,  -230,   230,     0/
   340,  0,   .01000,   -15,    16,     0,     0,     0/
   340,  0,   .01500,   220,  -120,     0,     0,     0/
   340,  0,   .02500,   330,  -120,     0,     0,     0/
   340,  0,   .08000,   331,  -120,     0,     0,     0/
   340,  0,   .02500,   220,  -121,     0,     0,     0/
   340,  0,   .02500,   330,  -121,     0,     0,     0/
   340,  0,   .04000,   331,  -121,     0,     0,     0/
   340,  0,   .00100,  -120,   110,     0,     0,     0/
   340,  0,   .00500,  -121,   110,     0,     0,     0/
   340,  0,   .00500,  -120,   111,     0,     0,     0/
   340,  0,   .02000,  -121,   111,     0,     0,     0/
   340,  0,   .04000,  -130,   230,     0,     0,     0/
   340,  0,   .08000,  -131,   230,     0,     0,     0/
   340,  0,   .08000,  -130,   231,     0,     0,     0/
   340,  0,   .04000,  -131,   231,     0,     0,     0/
   340,  0,   .01000, -1120,  1220,     0,     0,     0/
   340,  0,   .00500,   220,  -130,     0,     0,     0/
   340,  0,   .00500,   330,  -130,     0,     0,     0/
   340,  0,   .00500,   331,  -130,     0,     0,     0/
   340,  0,   .00500,   220,  -131,     0,     0,     0/
   340,  0,   .02000,  -130,   130,  -120,     0,     0/
   340,  0,   .02000,  -230,   230,  -120,     0,     0/
   340,  0,   .02000,  -130,   230,   110,     0,     0/
   340,  0,   .12000,   220,  -120,   110,     0,     0/
   340,  0,   .03000,   330,  -120,   110,     0,     0/
   340,  0,   .07500,   331,  -120,   110,     0,     0/
   340,  0,   .04000,   331,  -120,  -120,   120,     0/
   150,  1,   .01600,   -12,    11,   140,     0,     0/
   150,  1,   .04100,   -12,    11,   141,     0,     0/
   150,  1,   .02125,   -12,    11,   141,   110,     0/
   150,  1,   .02125,   -12,    11,   241,   120,     0/
   150,  1,   .00010,   -12,    11,   110,     0,     0/
   150,  1,   .00040,   -12,    11,   111,     0,     0/
   150,  1,   .01600,   -14,    13,   140,     0,     0/
   150,  1,   .04100,   -14,    13,   141,     0,     0/
   150,  1,   .02125,   -14,    13,   141,   110,     0/
   150,  1,   .02125,   -14,    13,   241,   120,     0/
   150,  1,   .00010,   -14,    13,   110,     0,     0/
   150,  1,   .00040,   -14,    13,   111,     0,     0/
   150,  1,   .01500,   -16,    15,   140,     0,     0/
   150,  1,   .01500,   -16,    15,   141,     0,     0/
   150,  0,   .67000,    -2,     1,     1,    -4,     0/
   150,  0,   .06600,    -3,     4,     1,    -4,     0/
   150,  0,   .01100,   441,     1,    -3,     0,     0/
   150,  0,   .02300,   331,     1,    -3,     0,     0/
   250,  1,   .01800,   -12,    11,   240,     0,     0/
   250,  1,   .04600,   -12,    11,   241,     0,     0/
   250,  1,   .01750,   -12,    11,   241,   110,     0/
   250,  1,   .01750,   -12,    11,   141,  -120,     0/
   250,  1,   .00020,   -12,    11,  -120,     0,     0/
   250,  1,   .00080,   -12,    11,  -121,     0,     0/
   250,  1,   .01800,   -14,    13,   240,     0,     0/
   250,  1,   .04600,   -14,    13,   241,     0,     0/
   250,  1,   .01750,   -14,    13,   241,   110,     0/
   250,  1,   .01750,   -14,    13,   141,  -120,     0/
   250,  1,   .00020,   -14,    13,  -120,     0,     0/
   250,  1,   .00080,   -14,    13,  -121,     0,     0/
   250,  1,   .01500,   -16,    15,   240,     0,     0/
   250,  1,   .01500,   -16,    15,   241,     0,     0/
   250,  0,   .67000,    -2,     1,     2,    -4,     0/
   250,  0,   .06600,    -3,     4,     2,    -4,     0/
   250,  0,   .01100,   441,     2,    -3,     0,     0/
   250,  0,   .02300,   331,     2,    -3,     0,     0/
   350,  1,   .01800,   -12,    11,   340,     0,     0/
   350,  1,   .04600,   -12,    11,   341,     0,     0/
   350,  1,   .01750,   -12,    11,   341,   110,     0/
   350,  1,   .01750,   -12,    11,   141,  -130,     0/
   350,  1,   .00020,   -12,    11,  -130,     0,     0/
   350,  1,   .00080,   -12,    11,  -131,     0,     0/
   350,  1,   .01800,   -14,    13,   340,     0,     0/
   350,  1,   .04600,   -14,    13,   341,     0,     0/
   350,  1,   .01750,   -14,    13,   341,   110,     0/
   350,  1,   .01750,   -14,    13,   141,  -130,     0/
   350,  1,   .00020,   -14,    13,  -130,     0,     0/
   350,  1,   .00080,   -14,    13,  -131,     0,     0/
   350,  1,   .01500,   -16,    15,   340,     0,     0/
   350,  1,   .01500,   -16,    15,   341,     0,     0/
   350,  0,   .67000,    -2,     1,     3,    -4,     0/
   350,  0,   .06600,    -3,     4,     3,    -4,     0/
   350,  0,   .01100,   441,     3,    -3,     0,     0/
   350,  0,   .02300,   331,     3,    -3,     0,     0/
   111,  0,   .99989,   120,  -120,     0,     0,     0/
   111,  0,   .00004,    12,   -12,     0,     0,     0/
   111,  0,   .00007,    14,   -14,     0,     0,     0/
   121,  0,  1.00000,   120,   110,     0,     0,     0/
   221,  2,   .89300,   120,  -120,   110,     0,     0/
   221,  0,   .08000,    10,   110,     0,     0,     0/
   221,  0,   .01700,   120,  -120,     0,     0,     0/
   221,  0,   .00500,   110,   110,    10,     0,     0/
   221,  0,   .00500,   110,   110,   110,     0,     0/
   131,  0,   .66600,   230,   120,     0,     0,     0/
   131,  0,   .33300,   130,   110,     0,     0,     0/
   131,  0,   .00100,   130,    10,     0,     0,     0/
   231,  0,   .66500,   130,  -120,     0,     0,     0/
   231,  0,   .33300,   230,   110,     0,     0,     0/
   231,  0,   .00200,   230,    10,     0,     0,     0/
   331,  0,   .49500,   130,  -130,     0,     0,     0/
   331,  0,   .34300,   -20,    20,     0,     0,     0/
   331,  0,   .04300,  -121,   120,     0,     0,     0/
   331,  0,   .04300,   111,   110,     0,     0,     0/
   331,  0,   .04300,   121,  -120,     0,     0,     0/
   331,  2,   .01900,   120,  -120,   110,     0,     0/
   331,  0,   .01300,    10,   220,     0,     0,     0/
   331,  0,   .00100,   110,    10,     0,     0,     0/
   141,  0,   .52000,   140,   110,     0,     0,     0/
   141,  0,   .48000,   140,    10,     0,     0,     0/
   241,  0,   .49000,   140,  -120,     0,     0,     0/
   241,  0,   .34000,   240,   110,     0,     0,     0/
   241,  0,   .17000,   240,    10,     0,     0,     0/
   341,  0,  1.00000,   340,    10,     0,     0,     0/
   441,  0,   .06900,    12,   -12,     0,     0,     0/
   441,  0,   .06900,    14,   -14,     0,     0,     0/
   441,  0,   .36000,     1,    -1,     0,     0,     0/
   441,  0,   .36000,     2,    -2,     0,     0,     0/
   441,  0,   .14200,     3,    -3,     0,     0,     0/
   151,  0,  1.00000,   150,    10,     0,     0,     0/
   251,  0,  1.00000,   250,    10,     0,     0,     0/
   351,  0,  1.00000,   350,    10,     0,     0,     0/
  1130,  0,   .51600,  1120,   110,     0,     0,     0/
  1130,  0,   .48300,  1220,   120,     0,     0,     0/
  1130,  0,   .00100,  1120,    10,     0,     0,     0/
  2130,  0,   .64100,  1120,  -120,     0,     0,     0/
  2130,  0,   .35700,  1220,   110,     0,     0,     0/
  2130,  0,   .00100,  1220,    10,     0,     0,     0/
  2130,  1,   .00100,    12,   -11,  1120,     0,     0/
  1230,  0,  1.00000,  2130,    10,     0,     0,     0/
  2230,  0,   .99900,  1220,  -120,     0,     0,     0/
  2230,  1,   .00100,    12,   -11,  1220,     0,     0/
  1330,  0,   .99500,  2130,   110,     0,     0,     0/
  1330,  0,   .00500,  2130,    10,     0,     0,     0/
  2330,  0,  1.00000,  2130,  -120,     0,     0,     0/
  1140,  0,  1.00000,  2140,   120,     0,     0,     0/
  2140,  1,   .01800,    11,   -12,  2130,     0,     0/
  2140,  1,   .00500,    11,   -12,  1230,     0,     0/
  2140,  1,   .00500,    11,   -12,  1231,     0,     0/
  2140,  1,   .00300,    11,   -12,  1220,     0,     0/
  2140,  1,   .00200,    11,   -12,  1221,     0,     0/
  2140,  1,   .00600,    11,   -12,  1120,  -120,     0/
  2140,  1,   .00600,    11,   -12,  1220,   110,     0/
  2140,  1,   .01800,    13,   -14,  2130,     0,     0/
  2140,  1,   .00500,    13,   -14,  1230,     0,     0/
  2140,  1,   .00500,    13,   -14,  1231,     0,     0/
  2140,  1,   .00300,    13,   -14,  1220,     0,     0/
  2140,  1,   .00200,    13,   -14,  1221,     0,     0/
  2140,  1,   .00600,    13,   -14,  1120,  -120,     0/
  2140,  1,   .00600,    13,   -14,  1220,   110,     0/
  2140,  0,   .00500,  1111,  -130,     0,     0,     0/
  2140,  0,   .02500,  1111,  -131,     0,     0,     0/
  2140,  0,   .01500,  1120,  -230,     0,     0,     0/
  2140,  0,   .00600,  1120,  -231,     0,     0,     0/
  2140,  0,   .00500,  1121,  -230,     0,     0,     0/
  2140,  0,   .00500,  1121,  -231,     0,     0,     0/
  2140,  0,   .00400,  2130,   120,     0,     0,     0/
  2140,  0,   .00500,  2130,   121,     0,     0,     0/
  2140,  0,   .00400,  1230,   120,     0,     0,     0/
  2140,  0,   .00400,  1230,   121,     0,     0,     0/
  2140,  0,   .00400,  1231,   120,     0,     0,     0/
  2140,  0,   .00400,  1231,   121,     0,     0,     0/
  2140,  0,   .00400,  1130,   110,     0,     0,     0/
  2140,  0,   .00200,  1130,   220,     0,     0,     0/
  2140,  0,   .00200,  1130,   330,     0,     0,     0/
  2140,  0,   .00400,  1130,   111,     0,     0,     0/
  2140,  0,   .00400,  1130,   221,     0,     0,     0/
  2140,  0,   .00300,  1131,   110,     0,     0,     0/
  2140,  0,   .00200,  1131,   220,     0,     0,     0/
  2140,  0,   .00300,  1131,   111,     0,     0,     0/
  2140,  0,   .00300,  1131,   221,     0,     0,     0/
  2140,  0,   .00200,  1330,   130,     0,     0,     0/
  2140,  0,   .00200,  1330,   131,     0,     0,     0/
  2140,  0,   .00200,  1331,   130,     0,     0,     0/
  2140,  0,   .00100,  1111,  -120,     0,     0,     0/
  2140,  0,   .00100,  1111,  -121,     0,     0,     0/
  2140,  0,   .00200,  1120,   110,     0,     0,     0/
  2140,  0,   .00100,  1120,   220,     0,     0,     0/
  2140,  0,   .00100,  1120,   330,     0,     0,     0/
  2140,  0,   .00200,  1120,   111,     0,     0,     0/
  2140,  0,   .00200,  1120,   221,     0,     0,     0/
  2140,  0,   .00100,  1121,   110,     0,     0,     0/
  2140,  0,   .00100,  1121,   220,     0,     0,     0/
  2140,  0,   .00100,  1121,   330,     0,     0,     0/
  2140,  0,   .00100,  1121,   111,     0,     0,     0/
  2140,  0,   .00100,  1121,   221,     0,     0,     0/
  2140,  0,   .00300,  1220,   120,     0,     0,     0/
  2140,  0,   .00300,  1220,   121,     0,     0,     0/
  2140,  0,   .00300,  1221,   120,     0,     0,     0/
  2140,  0,   .00300,  1221,   121,     0,     0,     0/
  2140,  0,   .00500,  2130,   130,     0,     0,     0/
  2140,  0,   .00500,  2130,   131,     0,     0,     0/
  2140,  0,   .00200,  1230,   130,     0,     0,     0/
  2140,  0,   .00200,  1230,   131,     0,     0,     0/
  2140,  0,   .00100,  1231,   130,     0,     0,     0/
  2140,  0,   .00100,  1231,   131,     0,     0,     0/
  2140,  0,   .00200,  1130,   230,     0,     0,     0/
  2140,  0,   .00200,  1130,   231,     0,     0,     0/
  2140,  0,   .00100,  1131,   230,     0,     0,     0/
  2140,  0,   .00100,  1131,   231,     0,     0,     0/
  2140,  0,   .25500,     1,    -2,     3,  1200,     0/
  2140,  0,   .05700,     1,    -2,     3,  1201,     0/
  2140,  0,   .03500,     1,    -3,     3,  1200,     0/
  2140,  0,   .03500,     1,    -2,     2,  1200,     0/
  2140,  0,   .15000,     3,  1101,     0,     0,     0/
  2140,  0,   .07500,     1,  1300,     0,     0,     0/
  2140,  0,   .07500,     1,  1300,     0,     0,     0/
  2140,  0,   .03000,     2,  1101,     0,     0,     0/
  2140,  0,   .01500,     1,  1200,     0,     0,     0/
  2140,  0,   .01500,     1,  1201,     0,     0,     0/
  3140,  1,   .03750,    11,   -12,  1330,     0,     0/
  3140,  1,   .03750,    11,   -12,  1331,     0,     0/
  3140,  1,   .03750,    13,   -14,  1330,     0,     0/
  3140,  1,   .03750,    13,   -14,  1331,     0,     0/
  3140,  0,   .04900,  1330,   120,     0,     0,     0/
  3140,  0,   .04900,  1130,  -230,     0,     0,     0/
  3140,  0,   .04000,  1331,   120,     0,     0,     0/
  3140,  0,   .04000,  1131,  -230,     0,     0,     0/
  3140,  0,   .04000,  1330,   121,     0,     0,     0/
  3140,  0,   .04000,  1130,  -230,     0,     0,     0/
  3140,  0,   .04000,  1330,   120,   110,     0,     0/
  3140,  0,   .04000,  2330,   120,   120,     0,     0/
  3140,  0,   .04000,  1130,  -130,   120,     0,     0/
  3140,  0,   .04000,  1130,  -230,   110,     0,     0/
  3140,  0,   .04000,  1230,  -230,   120,     0,     0/
  3140,  0,   .05600,  2130,  -230,   120,   110,     0/
  3140,  0,   .05600,  2130,  -130,   120,   120,     0/
  3140,  0,   .05600,  1130,  -230,   120,  -120,     0/
  3140,  0,   .05600,  1130,  -230,   110,   110,     0/
  3140,  0,   .05600,  1330,   120,   120,  -120,     0/
  3140,  0,   .05600,  1330,   120,   110,   110,     0/
  3140,  0,   .05600,  2330,   120,   120,   110,     0/
  1240,  0,  1.00000,  2140,   110,     0,     0,     0/
  2240,  0,  1.00000,  2140,  -120,     0,     0,     0/
  3240,  1,   .03750,    11,   -12,  2330,     0,     0/
  3240,  1,   .03750,    11,   -12,  2331,     0,     0/
  3240,  1,   .03750,    13,   -14,  2330,     0,     0/
  3240,  1,   .03750,    13,   -14,  2331,     0,     0/
  3240,  0,   .02500,  2330,   120,     0,     0,     0/
  3240,  0,   .02500,  1330,   110,     0,     0,     0/
  3240,  0,   .02500,  1130,  -130,     0,     0,     0/
  3240,  0,   .02500,  1230,  -230,     0,     0,     0/
  3240,  0,   .04500,  2331,   120,     0,     0,     0/
  3240,  0,   .04500,  1331,   110,     0,     0,     0/
  3240,  0,   .04500,  1131,  -130,     0,     0,     0/
  3240,  0,   .04500,  1231,  -230,     0,     0,     0/
  3240,  0,   .04500,  2330,   121,     0,     0,     0/
  3240,  0,   .04500,  1330,   111,     0,     0,     0/
  3240,  0,   .04500,  1130,  -131,     0,     0,     0/
  3240,  0,   .04500,  1230,  -231,     0,     0,     0/
  3240,  0,   .03900,  2130,  -230,   120,  -120,     0/
  3240,  0,   .03900,  2130,  -230,   110,   110,     0/
  3240,  0,   .03900,  2130,  -130,   120,   110,     0/
  3240,  0,   .03900,  1130,  -230,  -120,   110,     0/
  3240,  0,   .03900,  1130,  -130,   120,  -120,     0/
  3240,  0,   .03900,  1130,  -130,   110,   110,     0/
  3240,  0,   .03900,  1330,   120,  -120,   110,     0/
  3240,  0,   .03900,  1330,   110,   110,   110,     0/
  3240,  0,   .03900,  2330,   120,   120,  -120,     0/
  3240,  0,   .03900,  2330,   120,   110,   110,     0/
  1340,  0,  1.00000,  3140,    10,     0,     0,     0/
  2340,  0,  1.00000,  3240,    10,     0,     0,     0/
  3340,  1,   .07500,    11,   -12,  3331,     0,     0/
  3340,  1,   .07500,    13,   -14,  3331,     0,     0/
  3340,  0,   .10000,  1330,  -230,     0,     0,     0/
  3340,  0,   .06000,  3331,   120,     0,     0,     0/
  3340,  0,   .06000,  1331,  -230,     0,     0,     0/
  3340,  0,   .06000,  1330,  -231,     0,     0,     0/
  3340,  0,   .06000,  2330,  -230,   120,     0,     0/
  3340,  0,   .06000,  1330,  -230,   110,     0,     0/
  3340,  0,   .06000,  1330,  -130,   120,     0,     0/
  3340,  0,   .06500,  3331,   120,   120,  -120,     0/
  3340,  0,   .06500,  3331,   120,   110,   110,     0/
  3340,  0,   .06500,  1330,  -230,   120,  -120,     0/
  3340,  0,   .06500,  1330,  -230,   110,   110,     0/
  3340,  0,   .06500,  2330,  -230,   120,   110,     0/
  3340,  0,   .06500,  2330,  -130,   120,   120,     0/
  1150,  0,  1.00000,  2150,   120,     0,     0,     0/
  2150,  1,   .06000,    12,   -11,  2140,     0,     0/
  2150,  1,   .06000,    12,   -11,  1241,     0,     0/
  2150,  1,   .06000,    14,   -13,  2140,     0,     0/
  2150,  1,   .06000,    14,   -13,  1241,     0,     0/
  2150,  1,   .01500,    16,   -15,  2140,     0,     0/
  2150,  1,   .01500,    16,   -15,  1241,     0,     0/
  2150,  0,   .32500,     2,    -1,  1200,     4,     0/
  2150,  0,   .32500,     2,    -1,     1,  2400,     0/
  2150,  0,   .04000,     3,    -4,  1200,     4,     0/
  2150,  0,   .04000,     3,    -4,     1,  2400,     0/
  3150,  1,   .06000,    12,   -11,  3140,     0,     0/
  3150,  1,   .06000,    12,   -11,  1341,     0,     0/
  3150,  1,   .06000,    14,   -13,  3140,     0,     0/
  3150,  1,   .06000,    14,   -13,  1341,     0,     0/
  3150,  1,   .01500,    16,   -15,  3140,     0,     0/
  3150,  1,   .01500,    16,   -15,  1341,     0,     0/
  3150,  0,   .32500,     2,    -1,  1300,     4,     0/
  3150,  0,   .32500,     2,    -1,     1,  3400,     0/
  3150,  0,   .04000,     3,    -4,  1300,     4,     0/
  3150,  0,   .04000,     3,    -4,     1,  3400,     0/
  1250,  0,  1.00000,  2150,   110,     0,     0,     0/
  2250,  0,  1.00000,  2150,  -120,     0,     0,     0/
  3250,  1,   .06000,    12,   -11,  3240,     0,     0/
  3250,  1,   .06000,    12,   -11,  2341,     0,     0/
  3250,  1,   .06000,    14,   -13,  3240,     0,     0/
  3250,  1,   .06000,    14,   -13,  2341,     0,     0/
  3250,  1,   .01500,    16,   -15,  3240,     0,     0/
  3250,  1,   .01500,    16,   -15,  2341,     0,     0/
  3250,  0,   .32500,     2,    -1,  2300,     4,     0/
  3250,  0,   .32500,     2,    -1,     2,  3400,     0/
  3250,  0,   .04000,     3,    -4,  2300,     4,     0/
  3250,  0,   .04000,     3,    -4,     2,  3400,     0/
  1350,  0,  1.00000,  3150,    10,     0,     0,     0/
  2350,  0,  1.00000,  3250,    10,     0,     0,     0/
  3350,  1,   .06000,    12,   -11,  3340,     0,     0/
  3350,  1,   .06000,    12,   -11,  3341,     0,     0/
  3350,  1,   .06000,    14,   -13,  3340,     0,     0/
  3350,  1,   .06000,    14,   -13,  3341,     0,     0/
  3350,  1,   .01500,    16,   -15,  3340,     0,     0/
  3350,  1,   .01500,    16,   -15,  3341,     0,     0/
  3350,  0,   .32500,     2,    -1,  3301,     4,     0/
  3350,  0,   .32500,     2,    -1,     3,  3400,     0/
  3350,  0,   .04000,     3,    -4,  3301,     4,     0/
  3350,  0,   .04000,     3,    -4,     3,  3400,     0/
  1111,  0,  1.00000,  1120,   120,     0,     0,     0/
  1121,  0,   .66300,  1120,   110,     0,     0,     0/
  1121,  0,   .33100,  1220,   120,     0,     0,     0/
  1121,  0,   .00600,  1120,    10,     0,     0,     0/
  1221,  0,   .33100,  1120,  -120,     0,     0,     0/
  1221,  0,   .66300,  1220,   110,     0,     0,     0/
  1221,  0,   .00600,  1220,    10,     0,     0,     0/
  2221,  0,  1.00000,  1220,  -120,     0,     0,     0/
  1131,  0,   .88000,  2130,   120,     0,     0,     0/
  1131,  0,   .06000,  1130,   110,     0,     0,     0/
  1131,  0,   .06000,  1230,   120,     0,     0,     0/
  1231,  0,   .88000,  2130,   110,     0,     0,     0/
  1231,  0,   .06000,  1130,  -120,     0,     0,     0/
  1231,  0,   .06000,  2230,   120,     0,     0,     0/
  2231,  0,   .88000,  2130,  -120,     0,     0,     0/
  2231,  0,   .06000,  1230,  -120,     0,     0,     0/
  2231,  0,   .06000,  2230,   110,     0,     0,     0/
  1331,  0,   .33300,  1330,   110,     0,     0,     0/
  1331,  0,   .66700,  2330,   120,     0,     0,     0/
  2331,  0,   .66700,  1330,  -120,     0,     0,     0/
  2331,  0,   .33300,  2330,   110,     0,     0,     0/
  3331,  0,   .67600,  2130,  -130,     0,     0,     0/
  3331,  0,   .23400,  1330,  -120,     0,     0,     0/
  3331,  0,   .08500,  2330,   110,     0,     0,     0/
  3331,  1,   .00500,    12,   -11,  1330,     0,     0/
  1141,  0,  1.00000,  2140,   120,     0,     0,     0/
  1241,  0,  1.00000,  2140,   110,     0,     0,     0/
  2241,  0,  1.00000,  2140,  -120,     0,     0,     0/
  1341,  0,   .50000,  3140,   110,     0,     0,     0/
  1341,  0,   .50000,  3140,    10,     0,     0,     0/
  2341,  0,   .50000,  3240,   110,     0,     0,     0/
  2341,  0,   .50000,  3240,    10,     0,     0,     0/
  3341,  0,  1.00000,  3340,    10,     0,     0,     0/
  1151,  0,  1.00000,  2150,   120,     0,     0,     0/
  1251,  0,  1.00000,  2150,   110,     0,     0,     0/
  2251,  0,  1.00000,  2150,  -120,     0,     0,     0/
  1351,  0,  1.00000,  3150,    10,     0,     0,     0/
  2351,  0,  1.00000,  3250,    10,     0,     0,     0/
  3351,  0,  1.00000,  3350,    10,     0,     0,     0/
     0/
