 1979   23.06  25.06    540   564    13.60    1
 1979   25.06  27.06    581   591    13.86    1
 1979   10.07  24.07    699  1082    15.78    1
 1979   24.07  24.07   1083  1083    11.00    1
 1979   26.07  27.07   1084  1121    13.86    1
 1979   27.07  30.07   1122  1162    11.00    1
 1979   03.08  11.08   1210  1397    15.00    1 2
 1979   22.09  25.09   1497  1559    15.25    2
 1979   25.09  26.09   1561  1576    15.26    2
 1979   26.09  27.09   1578  1608    15.27    2
 1979   27.09  28.09   1609  1626    15.28    2
 1979   28.09  29.09   1627  1637    15.29    2
 1979   29.09  30.09   1639  1648    15.30    2
 1979   30.09  30.09   1649  1661    15.31    2
 1979   01.10  02.10   1662  1686    15.32    2
 1979   03.10  03.10   1711  1713    15.33    2
 1979   03.10  03.10   1714  1724    15.34    2
 1979   04.10  04.10   1725  1729    15.35    2
 1979   04.10  04.10   1730  1739    15.36    2
 1979   04.10  05.10   1740  1749    15.37    2
 1979   05.10  05.10   1750  1755    15.38    2
 1979   05.10  06.10   1756  1762    15.39    2
 1979   06.10  06.10   1763  1769    15.40    2
 1979   06.10  06.10   1770  1778    15.41    2
 1979   06.10  07.10   1779  1783    15.42    2
 1979   07.10  07.10   1784  1795    15.43    2
 1979   07.10  07.10   1796  1801    15.44    2
 1979   07.10  08.10   1802  1809    15.45    2
 1979   08.10  14.10   1810  1865    15.46    2
 1979   15.10  15.10   1866  1868    15.47    2
 1979   15.10  15.10   1869  1871    15.50    2
 1979   15.10  15.10   1872  1875    15.47    2
 1979   15.10  16.10   1876  1881    15.48    2
 1979   16.10  16.10   1882  1888    15.49    2
 1979   16.10  17.10   1889  1892    15.50    2
 1979   17.10  17.10   1893  1897    15.51    2
 1979   17.10  17.10   1898  1904    15.52    2
 1979   17.10  17.10   1905  1908    15.53    2
 1979   17.10  18.10   1909  1911    15.54    2
 1979   18.10  18.10   1912  1919    15.55    2
 1979   18.10  18.10   1920  1928    15.56    2
 1979   18.10  19.10   1931  1934    15.57    2
 1979   19.10  19.10   1935  1940    15.58    2
 1979   19.10  20.10   1941  1945    15.59    2
 1979   20.10  20.10   1946  1952    15.60    2
 1979   20.10  20.10   1953  1958    15.61    2
 1979   20.10  20.10   1959  1965    15.62    2
 1979   20.10  21.10   1966  1969    15.63    2
 1979   21.10  21.10   1970  1972    15.64    2
 1979   21.10  21.10   1973  1975    15.65    2
 1979   21.10  22.10   1978  1986    15.66    2
 1979   22.10  22.10   1987  2008    15.67    2
 1979   22.10  23.10   2009  2017    15.68    2
 1979   23.10  24.10   2018  2025    15.69    2
 1979   24.10  25.10   2026  2032    15.70    2
 1979   25.10  26.10   2033  2041    15.71    2
 1979   26.10  26.10   2042  2051    15.72    2
 1979   26.10  27.10   2052  2055    15.73    2
 1979   27.10  28.10   2057  2062    15.00    2
 1979   28.10  28.10   2063  2068    15.01    2
 1979   28.10  28.10   2070  2076    15.02    2
 1979   28.10  28.10   2077  2082    15.03    2
 1979   28.10  29.10   2083  2091    15.04    2
 1979   29.10  29.10   2092  2096    15.05    2
 1979   29.10  30.10   2097  2112    15.06    2
 1979   30.10  30.10   2113  2116    15.07    2
 1979   30.10  30.10   2117  2121    15.08    2
 1979   30.10  31.10   2122  2125    15.09    2
 1979   31.10  31.10   2126  2129    15.10    2
 1979   31.10  31.10   2130  2133    15.11    2
 1979   31.10  01.11   2134  2145    15.12    2
 1979   01.11  01.11   2146  2149    15.13    2
 1979   01.11  01.11   2150  2152    15.14    2
 1979   01.11  01.11   2153  2154    15.15    2
 1979   01.11  01.11   2155  2159    15.16    2
 1979   01.11  02.11   2160  2163    15.17    2
 1979   02.11  02.11   2164  2167    15.18    2
 1979   02.11  02.11   2168  2175    15.19    2
 1979   02.11  02.11   2177  2182    15.20    2
 1979   02.11  03.11   2183  2187    15.21    2
 1979   03.11  03.11   2188  2190    15.22    2
 1979   03.11  03.11   2191  2194    15.23    2
 1979   03.11  03.11   2195  2201    15.24    2
 1979   03.11  04.11   2202  2207    14.95    2
 1979   04.11  04.11   2208  2216    14.96    2
 1979   04.11  04.11   2217  2219    14.97    2
 1979   04.11  05.11   2220  2222    14.98    2
 1979   05.11  05.11   2223  2226    14.99    2
 1979   11.11  26.11   2295  2520     6.00    2
 1980   22.02  22.02   2745  2747    16.00    2
 1980   22.02  22.02   2748  2748    16.50    2
 1980   22.02  22.02   2749  2749    17.00    2
 1980   22.02  22.02   2750  2755    16.50    2
 1980   22.02  22.02   2756  2757    17.40    2
 1980   22.02  25.02   2758  2802    16.50    2
 1980   25.02  29.02   2803  2826    17.00    2
 1980   29.02  10.03   2828  3018    17.50    2
 1980   17.03  24.03   3037  3135    17.90    3
 1980   24.03  25.03   3136  3142    17.50    3
 1980   25.03  25.03   3143  3150    17.51    3
 1980   25.03  26.03   3151  3159    17.52    3
 1980   26.03  27.03   3160  3171    17.53    3
 1980   27.03  27.03   3172  3182    17.54    3
 1980   27.03  29.03   3185  3199    17.55    3
 1980   29.03  29.03   3200  3214    17.56    3 
 1980   30.03  30.03   3215  3226    17.57    3
 1980   30.03  31.03   3227  3237    17.58    3
 1980   31.03  01.04   3238  3246    17.59    3
 1980   01.04  01.04   3247  3258    17.60    3
 1980   01.04  02.04   3259  3266    17.61    3
 1980   02.04  02.04   3267  3267    11.453   3 
 1980   02.04  02.04   3268  3272    17.61    3 
 1980   02.04  03.04   3273  3290    17.62    3
 1980   03.04  03.04   3291  3296    17.63    3
 1980   22.04  24.04   3325  3342    17.60    3
 1980   24.04  25.04   3343  3361    17.61    3
 1980   25.04  26.04   3362  3376    17.62    3
 1980   26.04  27.04   3377  3389    17.63    3
 1980   27.04  27.04   3390  3398    17.64    3
 1980   27.04  28.04   3399  3410    17.65    3
 1980   28.04  30.04   3411  3422    17.66    3
 1980   30.04  01.05   3423  3439    17.67    3
 1980   01.05  01.05   3440  3456    17.68    3
 1980   01.05  02.05   3457  3471    17.69    3
 1980   02.05  03.05   3472  3491    17.70    3
 1980   03.05  03.05   3492  3503    17.71    3
 1980   03.05  04.05   3504  3518    14.95    3
 1980   04.05  04.05   3519  3530    14.96    3
 1980   04.05  05.05   3531  3540    14.97    3
 1980   12.05  14.05   3561  3589    18.3     3
 1980   14.05  15.05   3590  3606    14.95    3
 1980   15.05  16.05   3608  3614    18.3     3
 1980   16.05  17.05   3615  3629    17.72    3
 1980   17.05  17.05   3630  3636    17.73    3
 1980   18.05  18.05   3637  3642    17.733   3
 1980   18.05  19.05   3643  3654    17.74    3
 1980   19.05  20.05   3655  3676    17.75    3
 1980   20.05  21.05   3677  3699    17.76    3
 1980   21.05  22.05   3700  3714    17.77    3
 1980   22.05  23.05   3715  3727    17.78    3
 1980   23.05  24.06   3730  3846    18.3     3
 1980   24.06  24.06   3847  3848    18.251   3
 1980   24.06  25.06   3849  3858    18.2     3
 1980   25.06  25.06   3859  3860    18.3     3
 1980   25.06  30.06   3861  3937    18.2     3
 1980   30.06  30.06   3938  3944    17.52    3
 1980   30.06  01.07   3945  3951    17.51    3
 1980   01.07  03.07   3957  3971    17.50    3 4
 1980   03.07  04.07   3972  3985    17.49    4
 1980   04.07  04.07   3986  3994    17.48    4
 1980   04.07  05.07   3996  4008    17.47    4
 1980   05.07  06.07   4009  4017    17.46    4
 1980   06.07  06.07   4018  4024    17.45    4
 1980   06.07  06.07   4025  4031    17.44    4
 1980   06.07  07.07   4032  4039    17.43    4
 1980   09.07  10.07   4045  4060    17.42    4
 1980   10.07  11.07   4061  4072    17.41    4
 1980   11.07  12.07   4073  4080    17.40    4
 1980   12.07  12.07   4081  4087    17.39    4
 1980   12.07  12.07   4088  4094    17.38    4
 1980   12.07  12.07   4095  4099    17.37    4
 1980   13.07  13.07   4100  4107    17.36    4
 1980   13.07  13.07   4108  4116    17.35    4
 1980   13.07  14.07   4117  4124    17.34    4
 1980   14.07  14.07   4125  4133    17.33    4
 1980   14.07  16.07   4134  4146    17.32    4
 1980   16.07  17.07   4147  4163    17.31    4
 1980   17.07  17.07   4165  4177    17.30    4
 1980   18.07  18.07   4180  4187    17.29    4
 1980   18.07  18.07   4188  4192    17.28    4
 1980   18.07  18.07   4193  4199    17.29    4
 1980   18.07  18.07   4200  4203    17.28    4
 1980   18.07  19.07   4204  4211    17.27    4
 1980   19.07  19.07   4212  4219    17.26    4
 1980   19.07  19.07   4220  4231    17.25    4
 1980   19.07  20.07   4232  4238    17.24    4
 1980   20.07  20.07   4239  4247    17.23    4
 1980   20.07  21.07   4248  4258    17.22    4
 1980   21.07  21.07   4259  4265    17.21    4
 1980   21.07  21.07   4266  4271    17.20    4
 1980   21.07  21.07   4272  4280    17.19    4
 1980   22.07  22.07   4281  4285    17.18    4
 1980   22.07  22.07   4286  4293    17.00    4
 1980   22.07  24.07   4294  4302    17.01    4
 1980   24.07  24.07   4303  4310    17.02    4
 1980   24.07  25.07   4311  4318    17.03    4
 1980   25.07  25.07   4319  4325    17.04    4
 1980   25.07  25.07   4326  4333    17.05    4
 1980   25.07  26.07   4334  4341    17.06    4
 1980   26.07  26.07   4342  4346    17.07    4
 1980   26.07  26.07   4347  4352    17.08    4
 1980   26.07  27.07   4354  4356    17.09    4
 1980   27.07  27.07   4357  4359    17.10    4
 1980   27.07  28.07   4360  4365    17.11    4
 1980   28.07  28.07   4366  4374    17.12    4
 1980   28.07  28.07   4375  4381    17.13    4
 1980   29.07  29.07   4382  4389    17.14    4
 1980   29.07  29.07   4390  4397    17.15    4
 1980   29.07  30.07   4398  4405    17.16    4
 1980   30.07  30.07   4406  4412    17.17    4
 1980   30.07  31.07   4413  4428    17.78    4
 1980   31.07  31.07   4429  4437    17.79    4
 1980   01.08  01.08   4438  4447    17.80    4
 1980   01.08  02.08   4448  4455    17.838   4
 1980   02.08  02.08   4456  4465    17.848   4
 1980   02.08  03.08   4466  4478    17.858   4
 1980   03.08  03.08   4479  4499    17.868   4
 1980   03.08  04.08   4500  4505    17.878   4
 1980   11.08  12.08   4511  4530    16.50    4
 1980   12.08  13.08   4531  4537    16.51    4
 1980   13.08  13.08   4538  4543    16.52    4
 1980   13.08  14.08   4544  4550    16.53    4
 1980   14.08  14.08   4551  4561    16.54    4
 1980   14.08  15.08   4562  4568    16.55    4
 1980   15.08  15.08   4569  4576    16.56    4
 1980   15.08  16.08   4577  4585    16.57    4
 1980   16.08  16.08   4586  4596    16.58    4
 1980   16.08  17.08   4597  4604    16.59    4
 1980   17.08  17.08   4605  4616    16.60    4
 1980   17.08  18.08   4617  4625    16.61    4
 1980   18.08  18.08   4626  4632    16.62    4
 1980   18.08  18.08   4633  4641    16.63    4
 1980   18.08  20.08   4642  4654    16.64    4
 1980   20.08  20.08   4655  4659    16.65    4
 1980   20.08  20.08   4660  4666    16.66    4
 1980   20.08  20.08   4667  4674    16.67    4
 1980   21.08  21.08   4675  4680    16.68    4
 1980   21.08  21.08   4681  4687    16.69    4
 1980   21.08  22.08   4688  4695    16.70    4
 1980   22.08  22.08   4696  4701    16.71    4
 1980   22.08  22.08   4702  4709    16.72    4
 1980   22.08  23.08   4710  4716    16.73    4
 1980   23.08  23.08   4717  4725    16.74    4
 1980   23.08  23.08   4726  4731    16.75    4
 1980   24.08  24.08   4732  4739    16.76    4
 1980   24.08  24.08   4740  4745    16.77    4
 1980   24.08  25.08   4746  4750    16.78    4
 1980   25.08  25.08   4751  4755    16.79    4
 1980   25.08  25.08   4756  4762    16.80    4
 1980   25.08  26.08   4763  4773    16.81    4
 1980   26.08  26.08   4774  4780    16.82    4
 1980   26.08  26.08   4781  4793    16.83    4
 1980   26.08  26.08   4794  4803    16.84    4
 1980   26.08  27.08   4804  4809    16.85    4
 1980   27.08  28.08   4810  4816    16.86    4
 1980   28.08  28.08   4817  4824    16.87    4
 1980   28.08  28.08   4825  4830    16.88    4
 1980   29.08  29.08   4831  4836    16.89    4
 1980   29.08  29.08   4837  4841    16.90    4
 1980   31.08  31.08   4853  4860    16.91    4
 1980   31.08  01.09   4861  4864    16.92    4
 1980   01.10  01.10   4992  4996    17.867   4
 1980   01.10  01.10   4997  4998    17.860   4
 1980   01.10  01.10   5000  5002    17.874   4 
 1980   01.10  03.10   5003  5040    17.86    4
 1980   03.10  03.10   5041  5057    17.87    4
 1980   03.10  04.10   5058  5075    17.88    4
 1980   04.10  04.10   5076  5089    17.89    4
 1980   04.10  05.10   5090  5102    17.90    4 
 1980   05.10  05.10   5103  5115    17.91    4
 1980   05.10  06.10   5116  5126    17.92    4
 1980   06.10  06.10   5127  5147    17.93    4
 1980   06.10  07.10   5148  5162    17.94    4 
 1980   07.10  07.10   5163  5181    17.95    4
 1980   07.10  08.10   5182  5201    17.96    4
 1980   08.10  10.10   5202  5217    17.97    5
 1980   10.10  10.10   5218  5233    17.98    5
 1980   10.10  11.10   5234  5247    17.99    5
 1980   11.10  12.10   5248  5266    18.00    5
 1980   12.10  13.10   5267  5279    18.01    5
 1980   13.10  14.10   5293  5308    18.02    5
 1980   14.10  17.10   5309  5329    18.03    5
 1980   17.10  17.10   5330  5345    18.04    5
 1980   18.10  18.10   5346  5353    18.05    5
 1980   18.10  18.10   5354  5363    18.06    5
 1980   18.10  19.10   5364  5372    18.07    5
 1980   19.10  19.10   5373  5379    18.08    5
 1980   19.10  20.10   5380  5390    18.09    5
 1980   20.10  20.10   5391  5397    18.10    5
 1980   20.10  20.10   5398  5404    18.11    5
 1980   20.10  21.10   5405  5414    18.12    5
 1980   21.10  22.10   5415  5419    18.13    5
 1980   22.10  22.10   5420  5426    18.14    5
 1980   22.10  23.10   5427  5436    18.15    5
 1980   23.10  23.10   5437  5445    18.16    5
 1980   23.10  24.10   5446  5455    18.17    5
 1980   24.10  25.10   5456  5468    18.18    5
 1980   25.10  25.10   5469  5474    18.191   5
 1980   25.10  25.10   5475  5476    18.19    5
 1980   25.10  26.10   5477  5491    18.20    5
 1980   26.10  27.10   5492  5499    18.21    5
 1980   27.10  27.10   5500  5504    18.22    5
 1980   27.10  28.10   5508  5515    18.23    5
 1980   28.10  29.10   5516  5526    18.24    5
 1980   29.10  29.10   5527  5536    18.25    5
 1980   29.10  29.10   5537  5541    18.26    5
 1980   30.10  30.10   5542  5547    18.27    5
 1980   30.10  30.10   5548  5552    18.28    5
 1980   30.10  31.10   5553  5560    18.291   5
 1980   31.10  31.10   5561  5567    18.30    5
 1980   01.11  03.11   5568  5581    18.31    5
 1980   03.11  05.11   5582  5603    18.32    5
 1980   05.11  06.11   5604  5614    18.33    5
 1980   06.11  08.11   5615  5636    18.34    5
 1980   08.11  09.11   5647  5652    18.35    5
 1980   09.11  09.11   5653  5658    18.36    5
 1980   09.11  09.11   5659  5659    18.35    5
 1980   09.11  09.11   5660  5662    18.36    5
 1980   10.11  10.11   5663  5665    16.90    5
 1980   10.11  10.11   5666  5667    18.36    5
 1981   15.02  15.02   6193  6200    14.994   5
 1981   15.02  15.02   6201  6203    13.994   5
 1981   15.02  15.02   6204  6204    14.994   5
 1981   16.02  23.02   6205  6232    16.993   5
 1981   26.02  26.02   6235  6235    13.993   5
 1981   28.02  01.03   6250  6282    16.993   5
 1981   01.03  02.03   6283  6296    15.993   5
 1981   05.03  06.03   6332  6341    16.494   5
 1981   06.03  06.03   6342  6342    16.422   5
 1981   06.03  06.03   6343  6354    16.494   5
 1981   06.03  07.03   6356  6375    16.493   5
 1981   07.03  08.03   6377  6414    16.494   5
 1981   08.03  09.03   6415  6441    16.493   5
 1981   09.03  09.03   6442  6450    16.494   5
 1981   10.03  14.03   6451  6524    16.493   5
 1981   14.03  14.03   6525  6535    16.494   5
 1981   14.03  16.03   6536  6566    16.493   5
 1981   16.03  16.03   6567  6574    16.494   5
 1981   16.03  16.03   6575  6577    16.493   5
 1981   16.03  17.03   6578  6584    16.993   5
 1981   17.03  17.03   6586  6587    16.493   5
 1981   17.03  06.04   6588  7126    16.993   5 6
 1981   06.04  06.04   7132  7137    16.893   6
 1981   06.04  07.04   7138  7145    16.903   6
 1981   07.04  07.04   7146  7150    16.913   6
 1981   07.04  07.04   7151  7155    16.923   6
 1981   07.04  07.04   7156  7162    16.933   6
 1981   07.04  08.04   7163  7172    16.493   6
 1981   09.04  09.04   7174  7179    16.943   6
 1981   09.04  09.04   7180  7180    16.953   6
 1981   09.04  09.04   7181  7189    12.505   6
 1981   09.04  10.04   7190  7212    12.509   6
 1981   10.04  10.04   7213  7217    12.495   6
 1981   10.04  10.04   7218  7218    12.500   6
 1981   10.04  10.04   7219  7221    12.495   6
 1981   10.04  12.04   7222  7267    12.500   6
 1981   12.04  12.04   7268  7275    12.504   6
 1981   12.04  13.04   7276  7289    12.519   6
 1981   13.04  13.04   7290  7294    12.5     6
 1981   12.05  12.05   7326  7327    16.993   6
 1981   12.05  12.05   7328  7341    17.00    6
 1981   13.05  14.05   7342  7364    16.993   6
 1981   14.05  14.05   7365  7365    16.981   6
 1981   14.05  22.05   7366  7557    16.993   6
 1981   23.05  23.05   7558  7563    16.943   6
 1981   24.05  24.05   7564  7573    16.953   6
 1981   24.05  24.05   7574  7578    16.963   6
 1981   24.05  25.05   7579  7583    16.973   6
 1981   25.05  25.05   7584  7588    16.983   6
 1981   27.06  10.07   7592  7901    10.995   6
 1981   10.07  13.07   7902  7962    11.001   6
 1981   15.07  10.08   7968  8629     7.015   6 7
 1981   07.10  19.10   8715  8870    16.996   7
 1981   20.10  03.11   8872  9070    17.495   7
 1981   20.11  14.12   9071  9724    17.50    7 8
 1981   14.12  14.12   9725  9725    18.712   8
 1981   14.12  14.12   9726  9726    17.50    8
 1982   06.02  15.02  10000 10179    17.50    8
 1982   15.02  29.03  10181 10973    17.30    8
 1982   02.05  03.05  11038 11052    17.243   8
 1982   03.05  29.07  11053 12445    17.30    8 9
 1982   29.07  30.07  12446 12463     8.51    9
 1982   30.07  02.08  12464 12518    17.30    9
 1982   10.11  11.11  12557 12570    18.00    9 
 1982   11.11  11.11  12571 12571    18.495   9
 1982   11.11  11.11  12573 12574    18.00    9 
 1982   11.11  12.11  12575 12575    18.295   9
 1982   12.11  12.11  12576 12576    19.02    9 
 1982   12.11  12.11  12577 12577    18.29    9
 1982   12.11  12.11  12578 12579    18.70    9 
 1982   12.11  13.11  12580 12588    18.495   9
 1982   13.11  13.11  12589 12592    18.695   9
 1982   13.11  15.11  12593 12618    18.50   10
 1982   16.11  16.11  12619 12619    16.50   10
 1982   17.11  20.11  12624 12648    18.00   10
 1982   20.11  20.11  12649 12652    17.98   10
 1982   20.11  20.11  12653 12657    18.00   10
 1982   20.11  20.11  12658 12658    18.50   10
 1982   20.11  20.11  12659 12659    18.49   10 
 1982   20.11  20.11  12660 12661    17.99   10
 1982   20.11  20.11  12662 12662    18.49   10
 1982   20.11  20.11  12663 12663    17.99   10 
 1982   22.11  23.11  12665 12672    18.00   10
 1982   23.11  24.11  12673 12677    18.50   10
 1982   24.11  25.11  12679 12686    19.00   10   
 1982   25.11  26.11  12687 12701    18.98   10
 1982   26.11  26.11  12703 12703    19.00   10   
 1982   26.11  30.11  12704 12721    19.015  10
 1982   30.11  01.12  12722 12733    19.030  10
 1982   02.12  02.12  12734 12747    18.97   10
 1982   03.12  03.12  12754 12757    19.045  10   
 1982   03.12  04.12  12758 12765    19.060  10
 1982   04.12  04.12  12766 12775    19.075  10
 1982   05.12  05.12  12776 12783    19.090  10
 1982   05.12  07.12  12784 12800    19.105  10
 1982   07.12  08.12  12801 12814    19.120  10
 1982   08.12  09.12  12815 12825    19.135  10
 1982   09.12  10.12  12826 12831    19.150  10
 1982   10.12  10.12  12832 12840    19.165  10
 1982   10.12  11.12  12841 12848    19.180  10
 1982   11.12  11.12  12849 12851    19.195  10
 1982   11.12  11.12  12852 12853    19.622  10
 1982   12.12  12.12  12854 12856    19.195  10
 1982   12.12  12.12  12857 12862    19.210  10
 1982   12.12  13.12  12863 12880    19.225  10
 1982   13.12  14.12  12881 12887    19.240  10
 1982   14.12  16.12  12888 12903    19.255  10  
 1982   16.12  16.12  12904 12912    19.270  10
 1982   16.12  19.12  12913 12934    19.285  10
 1982   19.12  19.12  12935 12941    19.300  10
 1982   19.12  19.12  12942 12943    19.735  10
 1982   19.12  20.12  12944 12950    19.315  10
 1983   19.04  26.04  13087 13145    20.000  10
 1983   26.04  28.04  13146 13171    20.015  10
 1983   28.04  30.04  13172 13192    20.030  10
 1983   30.04  11.05  13193 13216    20.045  10
 1983   11.05  12.05  13217 13234    19.970  10
 1983   12.05  13.05  13235 13247    19.985  10
 1983   13.05  13.05  13248 13250    20.000  10
 1983   13.05  14.05  13251 13262    20.060  10
 1983   14.05  14.05  13263 13279    20.075  10
 1983   14.05  15.05  13280 13312    20.090  10
 1983   15.05  17.05  13313 13326    20.105  10
 1983   17.05  18.05  13327 13342    20.120  10
 1983   18.05  19.05  13343 13359    20.135  10
 1983   19.05  19.05  13360 13372    20.150  10
 1983   19.05  21.05  13373 13390    20.165  10
 1983   21.05  22.05  13391 13402    20.180  10   
 1983   22.05  23.05  13403 13415    20.195  10
 1983   23.05  23.05  13416 13426    20.210  10
 1983   24.05  24.05  13427 13436    20.225  10
 1983   24.05  25.05  13437 13445    20.240  10
 1983   25.05  28.05  13446 13456    20.255  10
 1983   28.05  28.05  13457 13468    20.270  10
 1983   28.05  29.05  13469 13476    20.285  10
 1983   29.05  29.05  13477 13487    20.300  10
 1983   30.05  30.05  13488 13500    20.315  10
 1983   30.05  30.05  13521 13508    20.330  10
 1983   30.05  31.05  13509 13519    20.345  10
 1983   31.05  03.06  13520 13528    20.360  10
 1983   03.06  03.06  13529 13535    20.375  10
 1983   03.06  04.06  13536 13549    20.390  10
 1983   04.06  04.06  13550 13558    20.405  10
 1983   04.06  05.06  13559 13567    20.420  10
 1983   05.06  05.06  13568 13575    20.435  10
 1983   05.06  06.06  13576 13586    20.450  10
 1983   06.06  07.06  13587 13597    20.465  10
 1983   07.06  07.06  13599 13604    20.480  10
 1983   07.06  08.06  13605 13615    20.495  10
 1983   08.06  08.06  13616 13629    20.510  10
 1983   08.06  09.06  13630 13636    20.525  10
 1983   09.06  09.06  13637 13656    20.540  10
 1983   09.06  10.06  13657 13664    20.555  10
 1983   10.06  10.06  13665 13672    20.570  10
 1983   10.06  11.06  13673 13681    20.585  10
 1983   11.06  11.06  13682 13689    20.600  10
 1983   11.06  11.06  13690 13698    20.615  10
 1983   12.06  14.06  13699 13713    20.630  10 11
 1983   14.06  14.06  13714 13714    20.740  11
 1983   14.06  15.06  13715 13725    20.750  11
 1983   15.06  15.06  13726 13728    20.630  11
 1983   15.06  15.06  13729 13740    20.645  11
 1983   15.06  16.06  13741 13752    20.660  11
 1983   16.06  16.06  13753 13764    20.675  11
 1983   16.06  17.06  13765 13773    20.690  11
 1983   17.06  17.06  13774 13783    20.705  11
 1983   17.06  18.06  13784 13792    20.720  11
 1983   18.06  18.06  13793 13800    20.735  11
 1983   18.06  19.06  13801 13808    20.765  11
 1983   19.06  19.06  13810 13817    20.780  11
 1983   19.06  20.06  13818 13832    20.795  11
 1983   20.06  20.06  13833 13846    20.810  11
 1983   21.06  21.06  13847 13855    20.825  11
 1983   21.06  22.06  13856 13864    20.840  11
 1983   22.06  23.06  13865 13872    20.855  11
 1983   24.06  24.06  13873 13885    20.870  11
 1983   24.06  25.06  13886 13895    20.885  11
 1983   25.06  25.06  13896 13906    20.900  11
 1983   25.06  26.06  13907 13919    20.915  11
 1983   26.06  26.06  13920 13931    20.930  11
 1983   26.06  27.06  13932 13941    20.945  11
 1983   27.06  27.06  13942 13953    20.960  11
 1983   28.06  28.06  13954 13963    20.975  11
 1983   28.06  28.06  13964 13973    20.990  11
 1983   28.06  29.06  13974 13980    21.005  11
 1983   29.06  29.06  13981 13989    21.020  11
 1983   29.06  29.06  13990 13998    21.035  11
 1983   29.06  30.06  13999 14010    21.050  11
 1983   30.06  30.06  14011 14021    21.065  11
 1983   30.06  01.07  14022 14031    21.080  11
 1983   01.07  01.07  14032 14043    21.095  11
 1983   01.07  02.07  14044 14054    21.110  11
 1983   02.07  02.07  14055 14065    21.125  11
 1983   02.07  03.07  14066 14076    21.140  11
 1983   03.07  03.07  14077 14086    21.155  11
 1983   03.07  04.07  14087 14097    21.170  11
 1983   04.07  04.07  14098 14109    21.185  11
 1983   04.07  05.07  14110 14120    21.200  11
 1983   05.07  05.07  14121 14122    21.215  11
 1983   06.07  06.07  14123 14131    19.330  11
 1983   06.07  06.07  14132 14139    21.215  11
 1983   06.07  07.07  14140 14148    21.230  11
 1983   07.07  08.07  14149 14167    21.245  11
 1983   08.07  08.07  14168 14177    21.260  11
 1983   09.07  09.07  14178 14192    21.275  11
 1983   09.07  10.07  14193 14206    21.290  11
 1983   10.07  10.07  14207 14229    21.305  11
 1983   10.07  11.07  14230 14243    21.320  11
 1983   11.07  12.07  14244 14257    21.335  11
 1983   12.07  12.07  14261 14262    19.330  11
 1983   12.07  13.07  14263 14273    19.345  11
 1983   13.07  13.07  14274 14283    19.360  11
 1983   13.07  13.07  14284 14285    21.335  11
 1983   13.07  14.07  14286 14295    21.350  11
 1983   14.07  14.07  14296 14306    21.365  11
 1983   14.07  16.07  14307 14321    21.380  11
 1983   16.07  16.07  14322 14335    21.395  11
 1983   16.07  17.07  14336 14345    21.410  11
 1983   17.07  17.07  14346 14356    21.425  11
 1983   17.07  18.07  14357 14366    21.440  11
 1983   18.07  18.07  14367 14372    21.455  11
 1983   18.07  19.07  14373 14380    19.375  11
 1983   19.07  19.07  14381 14392    19.390  11
 1983   19.07  19.07  14393 14396    21.455  11
 1983   19.07  20.07  14397 14408    21.470  11
 1983   20.07  21.07  14409 14419    21.485  11
 1983   21.07  21.07  14420 14432    21.500  11
 1983   21.07  23.07  14433 14446    21.515  11
 1983   23.07  23.07  14447 14456    21.530  11
 1983   23.07  24.07  14457 14468    21.545  11
 1983   24.07  25.07  14469 14482    21.560  11
 1983   25.07  26.07  14483 14493    21.575  11
 1983   26.07  26.07  14494 14494    21.590  11
 1983   26.07  26.07  14497 14501    20.056  11
 1983   27.07  27.07  14504 14510    19.955  11
 1983   27.07  27.07  14511 14525    19.940  11
 1983   27.07  28.07  14526 14533    19.925  11
 1983   28.07  28.07  14534 14540    19.910  11
 1983   28.07  29.07  14541 14544    21.515  11
 1983   29.07  29.07  14548 14553    19.895  11
 1983   29.07  29.07  14554 14566    21.515  11
 1983   29.07  30.07  14567 14575    21.530  11
 1983   30.07  30.07  14576 14585    21.545  11
 1983   30.07  31.07  14586 14587    21.590  11
 1983   31.07  31.07  14588 14588    21.626  11
 1983   31.07  31.07  14589 14589    21.590  11
 1983   27.09  27.09  14607 14611    21.509  11
 1983   28.09  28.09  14612 14617    21.500  11
 1983   30.09  02.10  14618 14642    21.575  11
 1983   02.10  03.10  14643 14661    21.590  11
 1983   03.10  05.10  14662 14685    21.605  11
 1983   05.10  07.10  14686 14709    21.620  11
 1983   07.10  09.10  14710 14732    21.635  11
 1983   09.10  11.10  14733 14748    21.650  11
 1983   11.10  11.10  14749 14767    21.665  11
 1983   12.10  12.10  14768 14784    21.680  11
 1983   12.10  13.10  14785 14798    21.695  11
 1983   13.10  14.10  14799 14821    21.710  11
 1983   14.10  15.10  14822 14834    21.725  11
 1983   15.10  15.10  14835 14846    21.740  11
 1983   15.10  16.10  14847 14867    21.755  11
 1983   16.10  17.10  14868 14878    21.770  11
 1983   17.10  17.10  14879 14887    21.785  11
 1983   17.10  18.10  14888 14894    21.800  11
 1983   18.10  18.10  14895 14909    21.815  11
 1983   18.10  19.10  14910 14924    21.830  11
 1983   19.10  20.10  14925 14935    21.845  11
 1983   20.10  20.10  14936 14946    21.860  11
 1983   21.10  21.10  14947 14962    21.875  11
 1983   22.10  22.10  14965 14975    21.890  11
 1983   22.10  22.10  14977 14988    21.905  11
 1983   23.10  23.10  14989 14996    21.920  11
 1983   23.10  24.10  14997 15007    21.935  11
 1983   24.10  24.10  15008 15018    21.950  11
 1983   24.10  25.10  15019 15029    21.965  11
 1983   25.10  26.10  15030 15040    21.980  11
 1983   26.10  28.10  15041 15058    21.995  11 12
 1983   28.10  30.10  15059 15070    22.010  12
 1983   30.10  30.10  15071 15082    22.025  12
 1983   30.10  01.11  15083 15095    22.040  12
 1983   01.11  02.11  15096 15110    22.055  12
 1983   02.11  04.11  15111 15122    22.000  12
 1983   04.11  05.11  15123 15136    22.070  12
 1983   05.11  06.11  15137 15150    22.085  12
 1983   06.11  06.11  15151 15161    22.100  12
 1983   06.11  07.11  15162 15173    22.115  12
 1983   07.11  08.11  15174 15185    22.130  12
 1983   08.11  09.11  15186 15195    22.145  12
 1983   09.11  09.11  15196 15206    22.160  12
 1983   09.11  10.11  15207 15214    22.175  12
 1983   11.11  12.11  15215 15228    22.190  12
 1983   12.11  13.11  15229 15243    22.205  12
 1983   13.11  14.11  15244 15260    22.220  12
 1983   14.11  15.11  15261 15275    22.235  12
 1983   15.11  16.11  15276 15288    22.250  12
 1983   16.11  16.11  15289 15302    22.265  12
 1983   16.11  19.11  15303 15322    22.280  12
 1983   19.11  20.11  15323 15338    22.295  12
 1983   20.11  22.11  15339 15351    22.310  12
 1983   22.11  24.11  15352 15372    22.325  12
 1983   24.11  25.11  15373 15387    22.340  12
 1983   25.11  26.11  15388 15400    22.355  12
 1983   26.11  27.11  15401 15415    22.370  12 
 1983   27.11  29.11  15416 15433    22.385  12
 1983   29.11  30.11  15434 15451    22.400  12
 1983   30.11  01.12  15451 15473    22.415  12
 1983   01.12  02.12  15474 15489    22.430  12
 1983   02.12  03.12  15490 15502    22.445  12
 1983   03.12  04.12  15503 15515    22.460  12
 1983   04.12  05.12  15516 15531    22.475  12
 1983   05.12  08.12  15532 15570    22.490  12
 1983   08.12  10.12  15571 15589    22.505  12
 1983   10.12  10.12  15590 15601    22.520  12
 1983   11.12  12.12  15604 15621    22.535  12
 1983   12.12  14.12  15622 15637    22.550  12
 1983   14.12  15.12  15638 15650    22.565  12
 1983   15.12  16.12  15651 15662    22.580  12
 1983   16.12  18.12  15663 15675    22.595  12
 1983   18.12  19.12  15676 15689    22.610  12
 1984   27.01  27.01  15699 15705    22.000  12
 1984   27.01  01.02  15706 15745    22.595  12
 1984   01.02  02.02  15746 15760    22.610  12
 1984   02.02  03.02  15761 15783    22.625  12
 1984   04.02  04.02  15784 15789    22.640  12
 1984   04.02  05.02  15790 15798    22.655  12
 1984   05.02  05.02  15799 15810    22.670  12
 1984   05.02  06.02  15811 15821    22.685  12
 1984   06.02  08.02  15822 15837    22.700  12
 1984   09.02  10.02  15838 15858    22.715  12
 1984   10.02  11.02  15859 15867    22.730  12
 1984   11.02  11.02  15868 15877    22.745  12
 1984   11.02  11.02  15878 15885    22.760  12
 1984   12.02  12.02  15886 15892    22.775  12
 1984   12.02  13.02  15893 15902    22.790  12
 1984   13.02  14.02  15903 15912    22.805  12
 1984   14.02  14.02  15918 15925    22.820  12
 1984   14.02  15.02  15926 15936    22.835  12
 1984   15.02  15.02  15937 15947    22.850  12
 1984   15.02  16.02  15948 15960    22.865  12
 1984   16.02  17.02  15961 15974    22.880  12
 1984   17.02  18.02  15975 15993    22.895  12
 1984   18.02  19.02  15994 15999    22.910  12
 1984   19.02  19.02  16000 16000    22.933  12
 1984   19.02  19.02  16001 16014    22.910  12
 1984   19.02  20.02  16015 16028    22.925  12
 1984   20.02  20.02  16029 16029    22.940  12
 1984   20.02  21.02  16030 16032    20.100  12
 1984   21.02  21.02  16033 16033    20.116  12
 1984   21.02  22.02  16034 16046    22.940  12
 1984   22.02  23.02  16047 16058    22.955  12
 1984   23.02  24.02  16059 16068    22.970  12
 1984   24.02  25.02  16069 16082    22.985  12
 1984   25.02  26.02  16083 16094    23.000  12
 1984   26.02  26.02  16095 16098    23.015  12
 1984   26.02  27.02  16100 16105    22.000  12
 1984   27.02  28.02  16106 16119    23.015  12
 1984   28.02  29.02  16120 16133    23.030  12
 1984   29.02  01.03  16134 16150    23.045  12
 1984   01.03  02.03  16151 16165    23.060  12
 1984   02.03  03.03  16166 16176    23.075  12
 1984   03.03  03.03  16177 16187    23.090  12
 1984   03.03  04.03  16188 16200    23.105  12
 1984   04.03  05.03  16201 16217    23.120  12
 1984   05.03  06.03  16218 16236    23.135  12
 1984   06.03  07.03  16237 16256    23.150  12
 1984   07.03  08.03  16257 16273    23.165  12
 1984   09.03  09.03  16274 16285    23.180  12
 1984   09.03  10.03  16286 16302    23.195  12 13
 1984   10.03  11.03  16303 16319    23.210  13
 1984   11.03  12.03  16320 16336    23.225  13
 1984   12.03  13.03  16337 16355    23.240  13
 1984   13.03  14.03  16356 16376    23.255  13
 1984   14.03  15.03  16377 16393    23.270  13
 1984   15.03  16.03  16394 16411    23.285  13
 1984   16.03  18.03  16412 16429    23.300  13
 1984   18.03  23.03  16430 16449    23.315  13
 1984   23.03  23.03  16450 16450    23.330  13
 1984   24.03  25.03  16451 16473    23.135  13
 1984   25.03  28.03  16474 16524    23.330  13
 1984   28.03  29.03  16525 16551    23.345  13
 1984   29.03  31.03  16552 16577    23.360  13
 1984   31.03  02.04  16578 16624    23.375  13
 1984   02.04  06.04  16625 16676    23.390  13
 1984   06.04  07.04  16677 16712    23.315  13
 1984   07.04  09.04  16713 16738    23.285  13
 1984   07.06  13.06  16803 16833    22.00   13
 1984   13.06  20.06  16836 16950    23.285  13
 1984   21.06  22.06  16951 16982    21.935  13
 1984   22.06  23.06  16983 16999    21.950  13
 1984   23.06  24.06  17000 17014    21.965  13
 1984   24.06  25.06  17015 17036    21.980  13
 1984   25.06  26.06  17037 17052    21.995  13
 1984   26.06  27.06  17053 17064    22.010  13
 1984   27.06  29.06  17065 17073    22.025  13
 1984   29.06  01.07  17074 17096    22.040  13
 1984   01.07  02.07  17097 17112    22.055  13
 1984   02.07  03.07  17113 17128    22.070  13
 1984   03.07  11.08  17129 17812    22.100  13 14
 1984   11.08  17.08  17813 17950    23.285  14
 1984   18.08  21.08  17952 18002    22.100  14
 1984   13.09  13.09  18003 18005    23.285  14
 1984   14.09  18.09  18008 18093    22.100  14
 1984   18.09  25.09  18094 18234    23.285  14
 1984   25.09  05.11  18235 19025    22.100  14 15
 1985   22.03  25.09  20003 23121    21.800  15 17
 1985   25.09  03.10  23122 23351    21.725  17
 1985   03.10  31.10  23352 24093    19.140  17
 1985   31.10  02.11  24094 24142    17.500  17
 1985   02.11  04.11  24143 24187    19.140  17
 1986   18.02  13.03  24214 24800    17.500  17 18
 1986   13.03  13.03  24801 24803    17.536  18
 1986   13.03  20.03  24804 24955    17.500  18
 1986   22.03  22.03  24961 24970    16.500  18
 1986   22.03  26.08  24971 28530    17.500  18 20
 1986   26.08  26.08  28531 28542    11.000  20
 1986   27.08  14.09  28543 29039    17.500  20
 1986   14.09  14.09  29040 29042    17.53   20
 1986   14.09  28.09  29043 29397    17.500  20
 1986   28.09  28.09  29398 29398    17.53   20
 1986   28.09  14.10  29399 29830    17.500  20 21
 1986   14.10  14.10  29831 29831    16.485  21
 1986   14.10  03.11  29832 30397    17.500  21
